1524961965 1000
1524961969 694
1524961972 388
1524961974 82
1524961975 87
1524961977 92
1524961979 97
1524961981 102
1524961983 107
1524961985 112
1524961987 117
1524961989 122
1524961991 127
1524961993 132
1524961994 137
1524961996 142
1524961998 147
1524962000 152
1524962002 157
1524962008 162
1524962010 167
1524962012 172
1524962014 177
1524962016 182
1524962017 187
1524962019 192
1524962021 197
1524962023 202
1524962025 207
1524962027 212
1524962029 217
1524962031 222
1524962031 527
1524962035 221
1524962038 526
1524962040 220
1524962042 525
1524962044 219
1524962044 224
1524962046 229
1524962048 234
1524962050 239
1524962052 244
1524962054 249
1524962056 254
