1524966112 1000
1524966115 694
1524966116 699
1524966118 704
1524966120 709
1524966122 714
1524966124 719
1524966126 724
1524966128 729
1524966130 734
1524966131 739
1524966133 744
1524966135 749
1524966137 754
1524966139 759
1524966141 764
1524966143 769
1524966145 774
1524966147 779
1524966149 784
1524966151 789
1524966153 794
1524966154 799
1524966156 804
1524966158 809
1524966160 814
1524966162 819
1524966164 824
1524966166 829
1524966168 834
1524966170 839
1524966172 844
1524966174 849
1524966176 854
1524966177 859
1524966179 864
1524966181 869
1524966183 874
1524966185 879
1524966187 884
1524966189 889
1524966191 894
1524966193 899
1524966195 904
1524966197 909
1524966199 914
1524966201 919
1524966202 924
1524966204 929
1524966206 934
1524966208 939
1524966210 944
1524966212 949
1524966214 954
1524966216 959
1524966218 964
1524966220 969
1524966222 974
1524966224 979
1524966225 984
1524966227 989
1524966229 994
1524966231 999
1524966233 1004
1524966235 1009
1524966237 1014
1524966239 1019
1524966241 1024
1524966243 1029
1524966245 1034
1524966247 1039
1524966249 1044
1524966250 1049
1524966252 1054
1524966254 1059
1524966256 1064
1524966258 1069
1524966260 1074
1524966262 1079
1524966264 1084
1524966266 1089
1524966268 1094
1524966270 1099
1524966270 793
1524966272 858
