1525188595 1000
1525188599 718
1525188605 436
1525188606 466
1525188606 496
1525188607 526
1525188608 556
1525188609 586
1525188609 616
1525188610 646
1525188611 364
1525188611 394
1525188612 424
1525188613 454
1525188614 484
1525188615 202
1525188615 232
1525188616 262
1525188617 292
1525188618 322
1525188619 352
1525188620 382
1525188621 412
1525188622 442
1525188623 472
1525188624 502
1525188625 532
1525188626 562
1525188627 592
1525188628 622
1525188629 652
1525188630 682
1525188631 712
1525188632 742
1525188633 772
1525188634 802
1525188634 832
1525188635 862
1525188636 892
1525188637 922
1525188638 952
1525188639 982
1525188640 1012
1525188641 1042
1525188642 1072
1525188643 1102
1525188644 1132
1525188646 1413
