1525066082 1000
1525066088 500
1525066090 550
1525066092 50
1525066092 100
1525066093 150
1525066096 200
1525066098 250
1525066100 300
1525066102 350
1525066105 400
1525066107 450
1525066109 500
1525066111 550
1525066114 50
1525066114 100
1525066114 150
1525066115 200
1525066116 250
1525066118 300
1525066119 350
1525066121 400
1525066123 450
1525066125 500
1525066126 550
1525066129 600
1525066129 1100
1525066131 1150
1525066133 1200
1525066135 1250
1525066137 1300
1525066139 1350
1525066140 850
1525066141 900
1525066142 950
1525066143 1000
1525066144 1050
1525066146 1100
1525066148 1150
1525066150 1200
1525066152 1250
1525066154 1300
1525066156 1350
1525066156 850
1525066157 900
1525066159 950
1525066161 1000
1525066161 1500
1525066163 2000
1525066165 2050
1525066166 1550
1525066167 1600
1525066170 1100
1525066170 1150
1525066171 1200
1525066175 1250
1525066177 1300
1525066178 1350
1525066179 1400
1525066180 1450
