1524971690 1000
1524971695 688
1524971698 789
1524971700 890
1524971701 991
1524971704 1092
1524971706 1193
1524971707 1294
1524971707 1395
1524971710 1496
1524971713 1597
1524971715 1698
1524971715 1386
1524971715 1487
1524971716 1588
1524971717 1276
1524971718 1377
1524971718 1065
1524971720 1166
1524971722 854
1524971722 955
1524971722 1056
1524971724 1157
1524971726 1258
1524971727 1359
1524971729 1460
1524971730 1771
1524971731 1872
1524971733 1973
1524971735 2074
1524971737 2175
1524971737 2486
1524971739 2587
1524971739 2898
1524971741 3209
1524971743 3310
1524971744 3411
1524971746 3512
1524971747 3613
1524971749 3714
1524971750 3815
1524971752 4126
1524971756 3862
1524971757 3963
1524971757 4064
1524971758 4165
1524971760 4266
1524971762 4367
