1524971489 1000
1524971493 688
1524971500 789
1524971503 890
1524971504 991
1524971507 1092
1524971508 1193
1524971510 1294
1524971512 1395
1524971514 1496
1524971516 1597
1524971518 1698
1524971519 1799
1524971521 1900
1524971524 2001
1524971527 2102
1524971529 2203
1524971531 2304
1524971533 2405
1524971535 2506
1524971536 2607
1524971538 2708
1524971541 2809
1524971543 2910
1524971544 3011
1524971546 3112
1524971548 3213
1524971550 3314
1524971553 3415
1524971554 3516
1524971556 3617
1524971556 3718
1524971558 3819
1524971560 3920
1524971562 4021
1524971564 4122
1524971565 4223
1524971567 4324
1524971569 4425
1524971570 4736
1524971573 4472
1524971576 4208
1524971576 4309
1524971576 4410
1524971577 4511
1524971579 4612
1524971581 4300
1524971581 4401
1524971583 4502
