1525319596 1000
1525319599 803
1525319600 1122
1525319601 1441
1525319602 1760
1525319603 2079
1525319604 2398
1525319605 2717
1525319606 3036
1525319607 3355
1525319607 3674
1525319609 3993
1525319610 4312
1525319610 4631
1525319612 4950
1525319612 5269
1525319613 5588
1525319614 5907
1525319615 6226
1525319616 6545
1525319617 6864
1525319618 7183
1525319619 7502
1525319620 7821
1525319621 8140
1525319622 8459
1525319623 8778
1525319624 9097
1525319625 9416
1525319626 9735
1525319634 9538
1525319634 9929
1525319635 10320
1525319635 10711
1525319636 11102
