1525318253 1000
1525318257 504
1525318268 8
1525318269 212
1525318269 416
1525318269 620
1525318271 824
1525318271 1028
1525318273 1232
1525318273 1436
1525318275 1640
1525318275 1844
1525318276 2048
1525318277 2252
1525318278 2456
1525318280 2660
1525318280 2864
1525318281 3068
1525318282 3272
1525318283 3476
1525318284 3680
1525318285 3884
1525318294 3388
1525318294 3779
1525318294 4170
1525318295 4561
1525318296 4952
1525318297 5343
1525318298 5734
1525318299 6125
1525318300 6516
1525318301 6907
1525318302 7298
