1525318525 1000
1525318529 504
1525318529 708
1525318530 912
1525318531 1116
1525318531 1320
1525318533 1524
1525318533 1728
1525318534 1232
1525318534 1436
1525318535 1640
1525318535 1144
1525318536 1348
1525318536 1552
1525318536 1756
1525318537 1960
1525318538 2164
1525318539 2368
1525318540 2572
1525318541 2776
1525318542 2980
1525318543 3184
1525318544 3388
1525318545 3592
1525318546 3796
1525318547 4000
1525318548 4204
1525318549 4408
1525318550 4612
1525318551 4816
1525318551 5020
1525318552 5224
1525318553 5428
1525318554 5632
1525318562 5136
1525318563 5527
1525318564 5031
1525318564 5422
1525318565 5813
1525318566 6204
