1525318611 1000
1525318614 504
1525318615 708
1525318615 212
1525318615 416
1525318616 620
1525318617 824
1525318618 328
1525318618 532
1525318618 736
1525318619 940
1525318619 1144
1525318620 1348
1525318621 1552
1525318622 1756
1525318623 1960
1525318624 2164
1525318625 2368
1525318626 2572
1525318627 2776
1525318628 2980
1525318629 3184
1525318630 3388
1525318631 3592
1525318632 3796
1525318632 4000
1525318633 4204
1525318634 4408
1525318635 4612
1525318636 4816
1525318637 5020
1525318638 5224
1525318639 5428
1525318640 5632
1525318645 5136
1525318646 5527
1525318646 5918
1525318647 6309
