1525318338 1000
1525318343 504
1525318343 708
1525318344 912
1525318344 1116
1525318345 1320
1525318345 824
1525318347 1028
1525318347 1232
1525318349 1436
1525318349 1640
1525318350 1844
1525318352 2048
1525318352 2252
1525318353 2456
1525318354 2660
1525318355 2864
1525318356 3068
1525318357 3272
1525318358 3476
1525318358 3680
1525318360 3884
1525318361 4088
1525318361 4292
1525318363 4496
1525318363 4700
1525318364 4904
1525318366 5108
1525318366 5312
1525318367 5516
1525318370 5720
1525318371 5924
1525318381 5428
1525318382 5819
1525318383 6210
1525318384 6601
1525318385 6992
1525318386 7383
1525318387 7774
1525318388 8165
1525318389 8556
1525318390 8947
1525318391 9338
