1 0
2 0
3 0
4 0
5 0
6 0
7 0
8 0
9 0
10 0
11 0
12 0
13 0
14 0
15 0
16 0
17 0
18 0
19 0
20 0
21 0
22 0
23 0
24 0
25 0
26 0
27 0
28 0
29 0
30 0
31 0
32 0
33 0
34 0
35 0
36 0
37 0
38 0
39 0
40 0
41 0
42 0
43 0
44 0
45 0
46 0
47 0
48 0
49 0
50 0
51 0
52 0
53 0
54 0
55 0
56 0
57 0
58 0
59 0
60 0
61 0
62 0
63 0
64 0
65 0
66 0
67 0
68 0
69 0
70 0
71 0
72 0
73 0
74 0
75 0
76 0
77 0
78 0
79 0
80 0
81 0
82 0
83 0
84 0
85 0
86 0
87 0
88 0
89 0
90 0
91 0
92 0
93 0
94 0
95 0
96 0
97 0
98 0
99 0
100 0
101 0
102 0
103 0
104 0
105 0
106 0
107 0
108 0
109 0
110 0
111 0
112 0
113 0
114 0
115 0
116 0
117 0
118 0
119 0
120 0
121 0
122 0
123 0
124 0
125 0
126 0
127 0
128 0
129 0
130 0
131 0
132 0
133 0
134 0
135 0
136 0
137 0
138 0
139 0
140 0
141 0
142 0
143 0
144 0
145 0
146 0
147 0
148 0
149 0
150 0
151 0
152 0
153 0
154 0
155 0
156 0
157 0
158 0
159 0
160 0
161 0
162 0
163 0
164 0
165 0
166 0
167 0
168 0
169 0
170 0
171 0
172 0
173 0
174 0
175 0
176 0
177 0
178 0
179 0
180 0
181 0
182 0
183 0
184 0
185 0
186 0
187 0
188 0
189 0
190 0
191 0
192 0
193 0
194 0
195 0
196 0
197 0
198 0
199 0
200 0
201 0
202 0
203 0
204 0
205 0
206 0
207 0
208 0
209 0
210 0
211 0
212 0
213 0
214 0
215 0
216 0
217 0
218 0
219 0
220 0
221 0
222 0
223 0
224 0
225 0
226 0
227 0
228 0
229 0
230 0
231 0
232 0
233 0
234 0
235 0
236 0
237 0
238 0
239 0
240 0
241 0
242 0
243 0
244 0
245 0
246 0
247 0
248 0
249 0
250 0
251 0
252 0
253 0
254 0
255 0
256 0
257 0
258 0
259 0
260 0
261 0
262 0
263 0
264 0
265 0
266 0
267 0
268 0
269 0
270 0
271 0
272 0
273 0
274 0
275 0
276 0
277 0
278 0
279 0
280 0
281 0
282 0
283 0
284 0
285 0
286 0
287 0
288 0
289 0
290 0
291 0
292 0
293 0
294 0
295 0
296 0
297 0
298 0
299 0
300 0
301 0
302 0
303 0
304 0
305 0
306 0
307 0
308 0
309 0
310 0
311 0
312 0
313 0
314 0
315 0
316 0
317 0
318 0
319 0
320 0
321 0
322 0
323 0
324 0
325 0
326 0
327 0
328 0
329 0
330 0
331 0
332 0
333 0
334 0
335 0
336 0
337 0
338 0
339 0
340 0
341 0
342 0
343 0
344 0
345 0
346 0
347 0
348 0
349 0
350 0
351 0
352 0
353 0
354 0
355 0
356 0
357 0
358 0
359 0
360 0
361 0
362 0
363 0
364 0
365 0
366 0
367 0
368 0
369 0
370 0
371 0
372 0
373 0
374 0
375 0
376 0
377 0
378 0
379 0
380 0
381 0
382 0
383 0
384 0
385 0
386 0
387 0
388 0
389 0
390 0
391 0
392 0
393 0
394 0
395 0
396 0
397 0
398 0
399 0
400 0
401 0
402 0
403 0
404 0
405 0
406 0
407 0
408 0
409 0
410 0
411 0
412 0
413 0
414 0
415 0
416 0
417 0
418 0
419 0
420 0
421 0
422 0
423 0
424 0
425 0
426 0
427 0
428 0
429 0
430 0
431 0
432 0
433 0
434 0
435 0
436 0
437 0
438 0
439 0
440 0
441 0
442 0
443 0
444 0
445 0
446 0
447 0
448 0
449 0
450 0
451 0
452 0
453 0
454 0
455 0
456 0
457 0
458 0
459 0
460 0
461 0
462 0
463 0
464 0
465 0
466 0
467 0
468 0
469 0
470 0
471 0
472 0
473 0
474 0
475 0
476 0
477 0
478 0
479 0
480 0
481 0
482 0
483 0
484 0
485 0
486 0
487 0
488 0
489 0
490 0
491 0
492 0
493 0
494 0
495 0
496 0
497 0
498 0
499 0
500 0
501 0
502 0
503 0
504 0
505 0
506 0
507 0
508 0
509 0
510 0
511 0
512 0
513 0
514 0
515 0
516 0
517 0
518 0
519 0
520 0
521 0
522 0
523 0
524 0
525 0
526 0
527 0
528 0
529 0
530 0
531 0
532 0
533 0
534 0
535 0
536 0
537 0
538 0
539 0
540 0
541 0
542 0
543 0
544 0
545 0
546 0
547 0
548 0
549 0
550 0
551 0
552 0
553 0
554 0
555 0
556 0
557 0
558 0
559 0
560 0
561 0
562 0
563 0
564 0
565 0
566 0
567 0
568 0
569 0
570 0
571 0
572 0
573 0
574 0
575 0
576 0
577 0
578 0
579 0
580 0
581 0
582 0
583 0
584 0
585 0
586 0
587 0
588 0
589 0
590 0
591 0
592 0
593 0
594 0
595 0
596 0
597 0
598 0
599 0
600 0
601 0
602 0
603 0
604 0
605 0
606 0
607 0
608 0
609 0
610 0
611 0
612 0
613 0
614 0
615 0
616 0
617 0
618 0
619 0
620 0
621 0
622 0
623 0
624 0
625 0
626 0
627 0
628 0
629 0
630 0
631 0
632 0
633 0
634 0
635 0
636 0
637 0
638 0
639 0
640 0
641 0
642 0
643 0
644 0
645 0
646 0
647 0
648 0
649 0
650 0
651 0
652 0
653 0
654 0
655 0
656 0
657 0
658 0
659 0
660 0
661 0
662 0
663 0
664 0
665 0
666 0
667 0
668 0
669 0
670 0
671 0
672 0
673 0
674 0
675 0
676 0
677 0
678 0
679 0
680 0
681 0
682 0
683 0
684 0
685 0
686 0
687 0
688 0
689 0
690 0
691 0
692 0
693 0
694 0
695 0
696 0
697 0
698 0
699 0
700 0
701 0
702 0
703 0
704 0
705 0
706 0
707 0
708 0
709 0
710 0
711 0
712 0
713 0
714 0
715 0
716 0
717 0
718 0
719 0
720 0
721 0
722 0
723 0
724 0
725 0
726 0
727 0
728 0
729 0
730 0
731 0
732 0
733 0
734 0
735 0
736 0
737 0
738 0
739 0
740 0
741 0
742 0
743 0
744 0
745 0
746 0
747 0
748 0
749 0
750 0
751 0
752 0
753 0
754 0
755 0
756 0
757 0
758 0
759 0
760 0
761 0
762 0
763 0
764 0
765 0
766 0
767 0
768 0
769 0
770 0
771 0
772 0
773 0
774 0
775 0
776 0
777 0
778 0
779 0
780 0
781 0
782 0
783 0
784 0
785 0
786 0
787 0
788 0
789 0
790 0
791 0
792 0
793 0
794 0
795 0
796 0
797 0
798 0
799 0
800 0
801 0
802 0
803 0
804 0
805 0
806 0
807 0
808 0
809 0
810 0
811 0
812 0
813 0
814 0
815 0
816 0
817 0
818 0
819 0
820 0
821 0
822 0
823 0
824 0
825 0
826 0
827 0
828 0
829 0
830 0
831 0
832 0
833 0
834 0
835 0
836 0
837 0
838 0
839 0
840 0
841 0
842 0
843 0
844 0
845 0
846 0
847 0
848 0
849 0
850 0
851 0
852 0
853 0
854 0
855 0
856 0
857 0
858 0
859 0
860 0
861 0
862 0
863 0
864 0
865 0
866 0
867 0
868 0
869 0
870 0
871 0
872 0
873 0
874 0
875 0
876 0
877 0
878 0
879 0
880 0
881 0
882 0
883 0
884 0
885 0
886 0
887 0
888 0
889 0
890 0
891 0
892 0
893 0
894 0
895 0
896 0
897 0
898 0
899 0
900 0
901 0
902 0
903 0
904 0
905 0
906 0
907 0
908 0
909 0
910 0
911 0
912 0
913 0
914 0
915 0
916 0
917 0
918 0
919 0
920 0
921 0
922 0
923 0
924 0
925 0
926 0
927 0
928 0
929 0
930 0
931 0
932 0
933 0
934 0
935 0
936 0
937 0
938 0
939 0
940 0
941 0
942 0
943 0
944 0
945 0
946 0
947 0
948 0
949 0
950 0
951 0
952 0
953 0
954 0
955 0
956 0
957 0
958 0
959 0
960 0
961 0
962 0
963 0
964 0
965 0
966 0
967 0
968 0
969 0
970 0
971 0
972 0
973 0
974 0
975 0
976 0
977 0
978 0
979 0
980 0
981 0
982 0
983 0
984 0
985 0
986 0
987 0
988 0
989 0
990 0
991 0
992 0
993 0
994 0
995 0
996 0
997 0
998 0
999 0
1000 0
1001 0
1002 0
1003 0
1004 0
1005 0
1006 0
1007 0
1008 0
1009 0
1010 0
1011 0
1012 0
1013 0
1014 0
1015 0
1016 0
1017 0
1018 0
1019 0
1020 0
1021 0
1022 0
1023 0
1024 0
1025 0
1026 0
1027 0
1028 0
1029 0
1030 0
1031 0
1032 0
1033 0
1034 0
1035 0
1036 0
1037 0
1038 0
1039 0
1040 0
1041 0
1042 0
1043 0
1044 0
1045 0
1046 0
1047 0
1048 0
1049 0
1050 0
1051 0
1052 0
1053 0
1054 0
1055 0
1056 0
1057 0
1058 0
1059 0
1060 0
1061 0
1062 0
1063 0
1064 0
1065 0
1066 0
1067 0
1068 0
1069 0
1070 0
1071 0
1072 0
1073 0
1074 0
1075 0
1076 0
1077 0
1078 0
1079 0
1080 0
1081 0
1082 0
1083 0
1084 0
1085 0
1086 0
1087 0
1088 0
1089 0
1090 0
1091 0
1092 0
1093 0
1094 0
1095 0
1096 0
1097 0
1098 0
1099 0
1100 0
1101 0
1102 0
1103 0
1104 0
1105 0
1106 0
1107 0
1108 0
1109 0
1110 0
1111 0
1112 0
1113 0
1114 0
1115 0
1116 0
1117 0
1118 0
1119 0
1120 0
1121 0
1122 0
1123 0
1124 0
1125 0
1126 0
1127 0
1128 0
1129 0
1130 0
1131 0
1132 0
1133 0
1134 0
1135 0
1136 0
1137 0
1138 0
1139 0
1140 0
1141 0
1142 0
1143 0
1144 0
1145 0
1146 0
1147 0
1148 0
1149 0
1150 0
1151 0
1152 0
1153 0
1154 0
1155 0
1156 0
1157 0
1158 0
1159 0
1160 0
1161 0
1162 0
1163 0
1164 0
1165 0
1166 0
1167 0
1168 0
1169 0
1170 0
1171 0
1172 0
1173 0
1174 0
1175 0
1176 0
1177 0
1178 0
1179 0
1180 0
1181 0
1182 0
1183 0
1184 0
1185 0
1186 0
1187 0
1188 0
1189 0
1190 0
1191 0
1192 0
1193 0
1194 0
1195 0
1196 0
1197 0
1198 0
1199 0
1200 0
1201 0
1202 0
1203 0
1204 0
1205 0
1206 0
1207 0
1208 0
1209 0
1210 0
1211 0
1212 0
1213 0
1214 0
1215 0
1216 0
1217 0
1218 0
1219 0
1220 0
1221 0
1222 0
1223 0
1224 0
1225 0
1226 0
1227 0
1228 0
1229 0
1230 0
1231 0
1232 0
1233 0
1234 0
1235 0
1236 0
1237 0
1238 0
1239 0
1240 0
1241 0
1242 0
1243 0
1244 0
1245 0
1246 0
1247 0
1248 0
1249 0
1250 0
1251 0
1252 0
1253 0
1254 0
1255 0
1256 0
1257 0
1258 0
1259 0
1260 0
1261 0
1262 0
1263 0
1264 0
1265 0
1266 0
1267 0
1268 0
1269 0
1270 0
1271 0
1272 0
1273 0
1274 0
1275 0
1276 0
1277 0
1278 0
1279 0
1280 0
1281 0
1282 0
1283 0
1284 0
1285 0
1286 0
1287 0
1288 0
1289 0
1290 0
1291 0
1292 0
1293 0
1294 0
1295 0
1296 0
1297 0
1298 0
1299 0
1300 0
1301 0
1302 0
1303 0
1304 0
1305 0
1306 0
1307 0
1308 0
1309 0
1310 0
1311 0
1312 0
1313 0
1314 0
1315 0
1316 0
1317 0
1318 0
1319 0
1320 0
1321 0
1322 0
1323 0
1324 0
1325 0
1326 0
1327 0
1328 0
1329 0
1330 0
1331 0
1332 0
1333 0
1334 0
1335 0
1336 0
1337 0
1338 0
1339 0
1340 0
1341 0
1342 0
1343 0
1344 0
1345 0
1346 0
1347 0
1348 0
1349 0
1350 0
1351 0
1352 0
1353 0
1354 0
1355 0
1356 0
1357 0
1358 383
1359 383
1360 383
1361 383
1362 383
1363 383
1364 383
1365 383
1366 383
1367 383
1368 383
1369 383
1370 383
1371 383
1372 383
1373 383
1374 383
1375 383
1376 383
1377 383
1378 383
1379 383
1380 383
1381 383
1382 383
1383 383
1384 383
1385 383
1386 383
1387 383
1388 383
1389 383
1390 383
1391 766
1392 766
1393 766
1394 766
1395 766
1396 766
1397 766
1398 766
1399 766
1400 766
1401 766
1402 766
1403 766
1404 766
1405 766
1406 766
1407 766
1408 766
1409 766
1410 766
1411 766
1412 766
1413 766
1414 766
1415 766
1416 766
1417 766
1418 766
1419 766
1420 766
1421 766
1422 766
1423 766
1424 766
1425 766
1426 766
1427 766
1428 766
1429 766
1430 766
1431 766
1432 766
1433 766
1434 766
1435 766
1436 766
1437 766
1438 766
1439 766
1440 766
1441 766
1442 766
1443 766
1444 766
1445 766
1446 766
1447 766
1448 766
1449 766
1450 766
1451 766
1452 766
1453 766
1454 766
1455 766
1456 766
1457 766
1458 766
1459 766
1460 766
1461 766
1462 766
1463 766
1464 766
1465 766
1466 766
1467 766
1468 1149
1469 1149
1470 1149
1471 1149
1472 1149
1473 1149
1474 1149
1475 1149
1476 1149
1477 1149
1478 1149
1479 1149
1480 1149
1481 1149
1482 1149
1483 1149
1484 1149
1485 1149
1486 1149
1487 1149
1488 1149
1489 1149
1490 1149
1491 1149
1492 1149
1493 1149
1494 1149
1495 1149
1496 1149
1497 1149
1498 1149
1499 1149
1500 1149
1501 1149
1502 1149
1503 1149
1504 1149
1505 1149
1506 1149
1507 1149
1508 1149
1509 1149
1510 1149
1511 1149
1512 1149
1513 1149
1514 1149
1515 1149
1516 1149
1517 1149
1518 1149
1519 1149
1520 1149
1521 1149
1522 1149
1523 1149
1524 1149
1525 1149
1526 1149
1527 1149
1528 1149
1529 1149
1530 1149
1531 1149
1532 1149
1533 1149
1534 1149
1535 1149
1536 1149
1537 1149
1538 1149
1539 1149
1540 1149
1541 1149
1542 1149
1543 1149
1544 1149
1545 1149
1546 1149
1547 1149
1548 1149
1549 1149
1550 1149
1551 1149
1552 1149
1553 1149
1554 1149
1555 1149
1556 1149
1557 1149
1558 1149
1559 1149
1560 1149
1561 1149
1562 1149
1563 1149
1564 1149
1565 1149
1566 1149
1567 1149
1568 1149
1569 1149
1570 1149
1571 1149
1572 1149
1573 1149
1574 1149
1575 1149
1576 1149
1577 1149
1578 1149
1579 1149
1580 1149
1581 1149
1582 1149
1583 1149
1584 1149
1585 1149
1586 1149
1587 1149
1588 1149
1589 1532
1590 1532
1591 1532
1592 1532
1593 1532
1594 1532
1595 1532
1596 1532
1597 1532
1598 1532
1599 1532
1600 1532
1601 1532
1602 1532
1603 1532
1604 1532
1605 1532
1606 1532
1607 1532
1608 1532
1609 1532
1610 1532
1611 1532
1612 1532
1613 1532
1614 1532
1615 1532
1616 1532
1617 1532
1618 1532
1619 1532
1620 1532
1621 1532
1622 1532
1623 1532
1624 1532
1625 1532
1626 1532
1627 1532
1628 1532
1629 1532
1630 1532
1631 1532
1632 1532
1633 1532
1634 1532
1635 1532
1636 1532
1637 1532
1638 1532
1639 1532
1640 1532
1641 1532
1642 1532
1643 1532
1644 1532
1645 1532
1646 1532
1647 1532
1648 1532
1649 1532
1650 1532
1651 1532
1652 1532
1653 1532
1654 1532
1655 1532
1656 1532
1657 1532
1658 1532
1659 1532
1660 1915
1661 1915
1662 1915
1663 1915
1664 1915
1665 1915
1666 1915
1667 1915
1668 1915
1669 1915
1670 1915
1671 1915
1672 1915
1673 1915
1674 1915
1675 1915
1676 1915
1677 1915
1678 1915
1679 1915
1680 1915
1681 1915
1682 1915
1683 1915
1684 1915
1685 1915
1686 1915
1687 1915
1688 1915
1689 1915
1690 1915
1691 1915
1692 1915
1693 1915
1694 1915
1695 1915
1696 1915
1697 1915
1698 1915
1699 1915
1700 1915
1701 1915
1702 1915
1703 1915
1704 1915
1705 1915
1706 1915
1707 1915
1708 1915
1709 1915
1710 1915
1711 1915
1712 1915
1713 1915
1714 1915
1715 1915
1716 1915
1717 1915
1718 1915
1719 1915
1720 1915
1721 1915
1722 1915
1723 1915
1724 1915
1725 1915
1726 1915
1727 1915
1728 1915
1729 1915
1730 1915
1731 1915
1732 1915
1733 1915
1734 1915
1735 1915
1736 1915
1737 1915
1738 1915
1739 1915
1740 1915
1741 1915
1742 1915
1743 1915
1744 1915
1745 1915
1746 1915
1747 1915
1748 1915
1749 1915
1750 1915
1751 1915
1752 1915
1753 1915
1754 1915
1755 1915
1756 1915
1757 1915
1758 1915
1759 1915
1760 1915
1761 1915
1762 1915
1763 1915
1764 1915
1765 1915
1766 1915
1767 1915
1768 1915
1769 1915
1770 1915
1771 1915
1772 1915
1773 1915
1774 1915
1775 1915
1776 1915
1777 2298
1778 2298
1779 2298
1780 2298
1781 2298
1782 2298
1783 2298
1784 2298
1785 2298
1786 2298
1787 2298
1788 2298
1789 2298
1790 2298
1791 2298
1792 2298
1793 2298
1794 2298
1795 2298
1796 2298
1797 2298
1798 2298
1799 2298
1800 2298
1801 2298
1802 2298
1803 2298
1804 2298
1805 2298
1806 2298
1807 2298
1808 2298
1809 2298
1810 2298
1811 2298
1812 2298
1813 2298
1814 2298
1815 2298
1816 2298
1817 2298
1818 2298
1819 2298
1820 2298
1821 2298
1822 2298
1823 2298
1824 2298
1825 2298
1826 2298
1827 2298
1828 2298
1829 2298
1830 2298
1831 2298
1832 2298
1833 2298
1834 2298
1835 2298
1836 2298
1837 2298
1838 2298
1839 2298
1840 2298
1841 2298
1842 2298
1843 2298
1844 2298
1845 2298
1846 2298
1847 2298
1848 2298
1849 2298
1850 2298
1851 2298
1852 2298
1853 2298
1854 2298
1855 2298
1856 2298
1857 2298
1858 2298
1859 2298
1860 2298
1861 2298
1862 2298
1863 2298
1864 2298
1865 2298
1866 2298
1867 2298
1868 2298
1869 2298
1870 2298
1871 2298
1872 2298
1873 2298
1874 2298
1875 2298
1876 2298
1877 2298
1878 2298
1879 2298
1880 2298
1881 2298
1882 2298
1883 2298
1884 2298
1885 2298
1886 2298
1887 2298
1888 2298
1889 2298
1890 2298
1891 2298
1892 2298
1893 2298
1894 2298
1895 2298
1896 2298
1897 2298
1898 2298
1899 2298
1900 2298
1901 2298
1902 2298
1903 2298
1904 2298
1905 2298
1906 2298
1907 2298
1908 2298
1909 2298
1910 2298
1911 2298
1912 2298
1913 2298
1914 2298
1915 2298
1916 2298
1917 2298
1918 2298
1919 2298
1920 2298
1921 2298
1922 2681
1923 2681
1924 2681
1925 2681
1926 2681
1927 2681
1928 2681
1929 2681
1930 2681
1931 2681
1932 2681
1933 2681
1934 2681
1935 2681
1936 2681
1937 2681
1938 2681
1939 2681
1940 2681
1941 2681
1942 2681
1943 2681
1944 2681
1945 2681
1946 2681
1947 2681
1948 2681
1949 2681
1950 2681
1951 2681
1952 2681
1953 2681
1954 2681
1955 2681
1956 2681
1957 2681
1958 2681
1959 2681
1960 2681
1961 2681
1962 2681
1963 2681
1964 2681
1965 2681
1966 2681
1967 2681
1968 2681
1969 2681
1970 2681
1971 2681
1972 2681
1973 2681
1974 2681
1975 2681
1976 2681
1977 2681
1978 2681
1979 2681
1980 2681
1981 2681
1982 2681
1983 2681
1984 2681
1985 2681
1986 2681
1987 2681
1988 2681
1989 2681
1990 2681
1991 2681
1992 2681
1993 2681
1994 2681
1995 2681
1996 2681
1997 2681
1998 2681
1999 2681
2000 2681
2001 2681
2002 2681
2003 2681
2004 2681
2005 2681
2006 2681
2007 2681
2008 2681
2009 2681
2010 2681
2011 2681
2012 2681
2013 2681
2014 2681
2015 2681
2016 2681
2017 2681
2018 2681
2019 2681
2020 2681
2021 2681
2022 2681
2023 2681
2024 2681
2025 2681
2026 2681
2027 2681
2028 2681
2029 2681
2030 2681
2031 2681
2032 2681
2033 2681
2034 2681
2035 2681
2036 2681
2037 2681
2038 2681
2039 2681
2040 2681
2041 2681
2042 2681
2043 2681
2044 2681
2045 2681
2046 2681
2047 2681
2048 2681
2049 2681
2050 2681
2051 2681
2052 2681
2053 2681
2054 2681
2055 2681
2056 2681
2057 2681
2058 2681
2059 2681
2060 2681
2061 2681
2062 2681
2063 2681
2064 2681
2065 2681
2066 2681
2067 2681
2068 2681
2069 2681
2070 2681
2071 2681
2072 2681
2073 2681
2074 2681
2075 2681
2076 2681
2077 2681
2078 2681
2079 2681
2080 2681
2081 2681
2082 2681
2083 2681
2084 2681
2085 2681
2086 2681
2087 2681
2088 2681
2089 2681
2090 2681
2091 2681
2092 2681
2093 2681
2094 2681
2095 2681
2096 2681
2097 2681
2098 2681
2099 2681
2100 2681
2101 2681
2102 2681
2103 2681
2104 2681
2105 2681
2106 2681
2107 2681
2108 2681
2109 2681
2110 2681
2111 2681
2112 2681
2113 2681
2114 2681
2115 2681
2116 2681
2117 2681
2118 2681
2119 2681
2120 2681
2121 2681
2122 2681
2123 2681
2124 2681
2125 2681
2126 2681
2127 2681
2128 2681
2129 2681
2130 2681
2131 2681
2132 2681
2133 2681
2134 2681
2135 2681
2136 2681
2137 2681
2138 2681
2139 2681
2140 2681
2141 2681
2142 2681
2143 2681
2144 2681
2145 2681
2146 2681
2147 2681
2148 2681
2149 2681
2150 2681
2151 2681
2152 2681
2153 2681
2154 2681
2155 2681
2156 2681
2157 2681
2158 2681
2159 2681
2160 2681
2161 2681
2162 2681
2163 2681
2164 2681
2165 2681
2166 2681
2167 2681
2168 2681
2169 2681
2170 2681
2171 2681
2172 2681
2173 2681
2174 2681
2175 2681
2176 2681
2177 2681
2178 2681
2179 2681
2180 2681
2181 2681
2182 2681
2183 2681
2184 2681
2185 2681
2186 2681
2187 2681
2188 2681
2189 2681
2190 2681
2191 2681
2192 2681
2193 2681
2194 2681
2195 2681
2196 2681
2197 2681
2198 2681
2199 2681
2200 2681
2201 2681
2202 2681
2203 2681
2204 2681
2205 2681
2206 2681
2207 2681
2208 2681
2209 2681
2210 2681
2211 2681
2212 2681
2213 2681
2214 2681
2215 2681
2216 2681
2217 2681
2218 2681
2219 2681
2220 2681
2221 2681
2222 2681
2223 2681
2224 2681
2225 2681
2226 2681
2227 2681
2228 2681
2229 2681
2230 2681
2231 2681
2232 2681
2233 2681
2234 2681
2235 2681
2236 2681
2237 2681
2238 2681
2239 2681
2240 2681
2241 2681
2242 2681
2243 2681
2244 2681
2245 2681
2246 2681
2247 2681
2248 2681
2249 2681
2250 2681
2251 2681
2252 2681
2253 2681
2254 2681
2255 2681
2256 2681
2257 2681
2258 2681
2259 2681
2260 2681
2261 2681
2262 2681
2263 2681
2264 2681
2265 2681
2266 2681
2267 2681
2268 2681
2269 2681
2270 2681
2271 2681
2272 2681
2273 2681
2274 2681
2275 2681
2276 2681
2277 2681
2278 2681
2279 2681
2280 2681
2281 2681
2282 2681
2283 2681
2284 2681
2285 2681
2286 2681
2287 2681
2288 2681
2289 2681
2290 2681
2291 2681
2292 2681
2293 2681
2294 2681
2295 2681
2296 2681
2297 2681
2298 2681
2299 2681
2300 2681
2301 2681
2302 2681
2303 2681
2304 2681
2305 2681
2306 2681
2307 2681
2308 2681
2309 2681
2310 2681
2311 2681
2312 2681
2313 2681
2314 2681
2315 2681
2316 2681
2317 2681
2318 2681
2319 2681
2320 2681
2321 2681
2322 2681
2323 2681
2324 2681
2325 2681
2326 2681
2327 2681
2328 2681
2329 2681
2330 2681
2331 2681
2332 2681
2333 2681
2334 2681
2335 2681
2336 2681
2337 2681
2338 2681
2339 2681
2340 2681
2341 2681
2342 2681
2343 2681
2344 2681
2345 2681
2346 2681
2347 2681
2348 2681
2349 2681
2350 2681
2351 2681
2352 2681
2353 2681
2354 2681
2355 2681
2356 2681
2357 2681
2358 2681
2359 2681
2360 2681
2361 2681
2362 2681
2363 2681
2364 2681
2365 2681
2366 2681
2367 2681
2368 2681
2369 2681
2370 2681
2371 2681
2372 2681
2373 2681
2374 2681
2375 2681
2376 2681
2377 2681
2378 2681
2379 2681
2380 2681
2381 2681
2382 2681
2383 2681
2384 2681
2385 2681
2386 2681
2387 2681
2388 2681
2389 2681
2390 2681
2391 2681
2392 2681
2393 2681
2394 2681
2395 2681
2396 2681
2397 2681
2398 2681
2399 2681
2400 2681
2401 2681
2402 2681
2403 2681
2404 2681
2405 2681
2406 2681
2407 2681
2408 2681
2409 2681
2410 2681
2411 2681
2412 2681
2413 2681
2414 2681
2415 2681
2416 2681
2417 2681
2418 2681
2419 2681
2420 2681
2421 2681
2422 2681
2423 2681
2424 2681
2425 2681
2426 2681
2427 2681
2428 2681
2429 2681
2430 2681
2431 2681
2432 2681
2433 2681
2434 2681
2435 2681
2436 2681
2437 2681
2438 2681
2439 2681
2440 2681
2441 2681
2442 2681
2443 2681
2444 2681
2445 2681
2446 2681
2447 2681
2448 2681
2449 2681
2450 2681
2451 2681
2452 2681
2453 2681
2454 2681
2455 2681
2456 2681
2457 2681
2458 2681
2459 2681
2460 2681
2461 2681
2462 2681
2463 2681
2464 2681
2465 2681
2466 2681
2467 2681
2468 2681
2469 2681
2470 2681
2471 2681
2472 2681
2473 2681
2474 2681
2475 2681
2476 2681
2477 2681
2478 2681
2479 2681
2480 2681
2481 2681
2482 2681
2483 2681
2484 2681
2485 2681
2486 2681
2487 2681
2488 2681
2489 2681
2490 2681
2491 2681
2492 2681
2493 2681
2494 2681
2495 2681
2496 2681
2497 2681
2498 2681
2499 2681
2500 2681
2501 2681
2502 2681
2503 2681
2504 2681
2505 2681
2506 2681
2507 2681
2508 2681
2509 2681
2510 2681
2511 2681
2512 2681
2513 2681
2514 2681
2515 2681
2516 2681
2517 2681
2518 2681
2519 2681
2520 2681
2521 2681
2522 2681
2523 2681
2524 2681
2525 2681
2526 2681
2527 2681
2528 2681
2529 2681
2530 2681
2531 2681
2532 2681
2533 2681
2534 2681
2535 2681
2536 2681
2537 2681
2538 2681
2539 2681
2540 2681
2541 2681
2542 2681
2543 2681
2544 2681
2545 2681
2546 2681
2547 2681
2548 2681
2549 2681
2550 2681
2551 2681
2552 2681
2553 2681
2554 2681
2555 2681
2556 2681
2557 2681
2558 2681
2559 2681
2560 2681
2561 2681
2562 2681
2563 2681
2564 2681
2565 2681
2566 2681
2567 2681
2568 2681
2569 2681
2570 2681
2571 2681
2572 2681
2573 2681
2574 2681
2575 2681
2576 2681
2577 2681
2578 2681
2579 2681
2580 2681
2581 2681
2582 2681
2583 2681
2584 3064
2585 3064
2586 3064
2587 3064
2588 3064
2589 3064
2590 3064
2591 3064
2592 3064
2593 3064
2594 3064
2595 3064
2596 3064
2597 3064
2598 3064
2599 3064
2600 3064
2601 3064
2602 3064
2603 3064
2604 3064
2605 3064
2606 3064
2607 3064
2608 3064
2609 3064
2610 3064
2611 3064
2612 3064
2613 3064
2614 3064
2615 3064
2616 3064
2617 3064
2618 3064
2619 3064
2620 3064
2621 3064
2622 3064
2623 3064
2624 3064
2625 3064
2626 3064
2627 3064
2628 3064
2629 3064
2630 3064
2631 3064
2632 3064
2633 3064
2634 3064
2635 3064
2636 3064
2637 3064
2638 3064
2639 3064
2640 3064
2641 3064
2642 3064
2643 3064
2644 3064
2645 3064
2646 3064
2647 3064
2648 3064
2649 3064
2650 3064
2651 3064
2652 3064
2653 3064
2654 3064
2655 3064
2656 3064
2657 3064
2658 3064
2659 3064
2660 3064
2661 3447
2662 3447
2663 3447
2664 3447
2665 3447
2666 3447
2667 3447
2668 3447
2669 3447
2670 3447
2671 3447
2672 3447
2673 3447
2674 3447
2675 3447
2676 3447
2677 3447
2678 3447
2679 3447
2680 3447
2681 3447
2682 3447
2683 3447
2684 3447
2685 3447
2686 3447
2687 3447
2688 3447
2689 3447
2690 3447
2691 3447
2692 3447
2693 3447
2694 3447
2695 3447
2696 3447
2697 3447
2698 3447
2699 3447
2700 3447
2701 3447
2702 3447
2703 3447
2704 3447
2705 3447
2706 3447
2707 3447
2708 3447
2709 3447
2710 3447
2711 3447
2712 3447
2713 3447
2714 3447
2715 3447
2716 3447
2717 3447
2718 3447
2719 3447
2720 3447
2721 3447
2722 3447
2723 3447
2724 3447
2725 3447
2726 3447
2727 3447
2728 3447
2729 3447
2730 3447
2731 3447
2732 3447
2733 3447
2734 3447
2735 3447
2736 3447
2737 3447
2738 3447
2739 3447
2740 3447
2741 3447
2742 3447
2743 3447
2744 3447
2745 3447
2746 3447
2747 3447
2748 3447
2749 3447
2750 3447
2751 3447
2752 3447
2753 3447
2754 3447
2755 3447
2756 3447
2757 3447
2758 3447
2759 3447
2760 3447
2761 3447
2762 3447
2763 3447
2764 3447
2765 3447
2766 3447
2767 3447
2768 3447
2769 3447
2770 3447
2771 3447
2772 3447
2773 3447
2774 3447
2775 3447
2776 3447
2777 3447
2778 3447
2779 3447
2780 3447
2781 3447
2782 3830
2783 3830
2784 3830
2785 3830
2786 3830
2787 3830
2788 3830
2789 3830
2790 3830
2791 3830
2792 3830
2793 3830
2794 3830
2795 3830
2796 3830
2797 3830
2798 3830
2799 3830
2800 3830
2801 3830
2802 3830
2803 3830
2804 3830
2805 3830
2806 3830
2807 3830
2808 3830
2809 3830
2810 3830
2811 3830
2812 3830
2813 3830
2814 3830
2815 3830
2816 3830
2817 3830
2818 3830
2819 3830
2820 3830
2821 3830
2822 3830
2823 3830
2824 3830
2825 3830
2826 3830
2827 3830
2828 3830
2829 3830
2830 3830
2831 3830
2832 3830
2833 3830
2834 3830
2835 3830
2836 3830
2837 3830
2838 3830
2839 3830
2840 3830
2841 3830
2842 3830
2843 3830
2844 3830
2845 3830
2846 3830
2847 3830
2848 3830
2849 3830
2850 3830
2851 3830
2852 3830
2853 3830
2854 4213
2855 4213
2856 4213
2857 4213
2858 4213
2859 4213
2860 4213
2861 4213
2862 4213
2863 4213
2864 4213
2865 4213
2866 4213
2867 4213
2868 4213
2869 4213
2870 4213
2871 4213
2872 4213
2873 4213
2874 4213
2875 4213
2876 4213
2877 4213
2878 4213
2879 4213
2880 4213
2881 4213
2882 4213
2883 4213
2884 4213
2885 4213
2886 4213
2887 4213
2888 4213
2889 4213
2890 4213
2891 4213
2892 4213
2893 4213
2894 4213
2895 4213
2896 4213
2897 4213
2898 4213
2899 4213
2900 4213
2901 4213
2902 4213
2903 4213
2904 4213
2905 4213
2906 4213
2907 4213
2908 4213
2909 4213
2910 4213
2911 4213
2912 4213
2913 4213
2914 4213
2915 4213
2916 4213
2917 4213
2918 4213
2919 4213
2920 4213
2921 4213
2922 4213
2923 4213
2924 4213
2925 4213
2926 4213
2927 4213
2928 4213
2929 4213
2930 4213
2931 4213
2932 4213
2933 4213
2934 4213
2935 4213
2936 4213
2937 4213
2938 4213
2939 4213
2940 4213
2941 4213
2942 4213
2943 4213
2944 4213
2945 4213
2946 4213
2947 4213
2948 4213
2949 4213
2950 4213
2951 4213
2952 4213
2953 4213
2954 4213
2955 4213
2956 4213
2957 4213
2958 4213
2959 4213
2960 4213
2961 4213
2962 4213
2963 4213
2964 4213
2965 4213
2966 4213
2967 4213
2968 4213
2969 4213
2970 4213
2971 4596
2972 4596
2973 4596
2974 4596
2975 4596
2976 4596
2977 4596
2978 4596
2979 4596
2980 4596
2981 4596
2982 4596
2983 4596
2984 4596
2985 4596
2986 4596
2987 4596
2988 4596
2989 4596
2990 4596
2991 4596
2992 4596
2993 4596
2994 4596
2995 4596
2996 4596
2997 4596
2998 4596
2999 4596
3000 4596
3001 4596
3002 4596
3003 4596
3004 4596
3005 4596
3006 4596
3007 4596
3008 4596
3009 4596
3010 4596
3011 4596
3012 4596
3013 4596
3014 4596
3015 4596
3016 4596
3017 4596
3018 4596
3019 4596
3020 4596
3021 4596
3022 4596
3023 4596
3024 4596
3025 4596
3026 4596
3027 4596
3028 4596
3029 4596
3030 4596
3031 4596
3032 4596
3033 4596
3034 4596
3035 4596
3036 4596
3037 4596
3038 4596
3039 4596
3040 4596
3041 4596
3042 4596
3043 4596
3044 4596
3045 4596
3046 4596
3047 4596
3048 4596
3049 4596
3050 4596
3051 4596
3052 4596
3053 4596
3054 4596
3055 4596
3056 4596
3057 4596
3058 4596
3059 4596
3060 4596
3061 4596
3062 4596
3063 4596
3064 4596
3065 4596
3066 4596
3067 4596
3068 4596
3069 4596
3070 4596
3071 4596
3072 4596
3073 4596
3074 4596
3075 4596
3076 4596
3077 4596
3078 4596
3079 4596
3080 4596
3081 4596
3082 4596
3083 4596
3084 4596
3085 4596
3086 4596
3087 4596
3088 4596
3089 4596
3090 4596
3091 4596
3092 4596
3093 4596
3094 4596
3095 4596
3096 4596
3097 4596
3098 4596
3099 4596
3100 4596
3101 4596
3102 4596
3103 4596
3104 4596
3105 4596
3106 4596
3107 4596
3108 4596
3109 4596
3110 4596
3111 4596
3112 4596
3113 4596
3114 4596
3115 4596
3116 4979
3117 4979
3118 4979
3119 4979
3120 4979
3121 4979
3122 4979
3123 4979
3124 4979
3125 4979
3126 4979
3127 4979
3128 4979
3129 4979
3130 4979
3131 4979
3132 4979
3133 4979
3134 4979
3135 4979
3136 4979
3137 4979
3138 4979
3139 4979
3140 4979
3141 4979
3142 4979
3143 4979
3144 4979
3145 4979
3146 4979
3147 4979
3148 4979
3149 4979
3150 4979
3151 4979
3152 4979
3153 4979
3154 4979
3155 4979
3156 4979
3157 4979
3158 4979
3159 4979
3160 4979
3161 4979
3162 4979
3163 4979
3164 4979
3165 4979
3166 4979
3167 4979
3168 4979
3169 4979
3170 4979
3171 4979
3172 4979
3173 4979
3174 4979
3175 4979
3176 4979
3177 4979
3178 4979
3179 4979
3180 4979
3181 4979
3182 4979
3183 4979
3184 4979
3185 4979
3186 4979
3187 4979
3188 4979
3189 4979
3190 4979
3191 4979
3192 4979
3193 4979
3194 4979
3195 4979
3196 4979
3197 4979
3198 4979
3199 4979
3200 4979
3201 4979
3202 4979
3203 4979
3204 4979
3205 4979
3206 4979
3207 4979
3208 4979
3209 4979
3210 4979
3211 4979
3212 4979
3213 4979
3214 4979
3215 4979
3216 4979
3217 4979
3218 4979
3219 4979
3220 4979
3221 4979
3222 4979
3223 4979
3224 4979
3225 4979
3226 4979
3227 4979
3228 4979
3229 4979
3230 4979
3231 4979
3232 4979
3233 4979
3234 4979
3235 4979
3236 4979
3237 4979
3238 4979
3239 4979
3240 4979
3241 4979
3242 4979
3243 4979
3244 4979
3245 4979
3246 4979
3247 4979
3248 4979
3249 4979
3250 4979
3251 4979
3252 4979
3253 4979
3254 4979
3255 4979
3256 4979
3257 4979
3258 4979
3259 4979
3260 4979
3261 4979
3262 4979
3263 4979
3264 4979
3265 4979
3266 4979
3267 4979
3268 4979
3269 4979
3270 4979
3271 4979
3272 4979
3273 4979
3274 4979
3275 4979
3276 4979
3277 4979
3278 4979
3279 4979
3280 4979
3281 4979
3282 4979
3283 4979
3284 4979
3285 4979
3286 4979
3287 4979
3288 4979
3289 4979
3290 4979
3291 4979
3292 4979
3293 4979
3294 4979
3295 4979
3296 4979
3297 4979
3298 4979
3299 4979
3300 4979
3301 4979
3302 4979
3303 4979
3304 4979
3305 4979
3306 4979
3307 4979
3308 4979
3309 4979
3310 4979
3311 4979
3312 4979
3313 4979
3314 4979
3315 4979
3316 4979
3317 4979
3318 4979
3319 4979
3320 4979
3321 4979
3322 4979
3323 4979
3324 4979
3325 4979
3326 4979
3327 4979
3328 4979
3329 4979
3330 4979
3331 4979
3332 4979
3333 4979
3334 4979
3335 4979
3336 4979
3337 4979
3338 4979
3339 4979
3340 4979
3341 4979
3342 4979
3343 4979
3344 4979
3345 4979
3346 4979
3347 4979
3348 4979
3349 4979
3350 4979
3351 4979
3352 4979
3353 4979
3354 4979
3355 4979
3356 4979
3357 4979
3358 4979
3359 4979
3360 4979
3361 4979
3362 4979
3363 4979
3364 4979
3365 4979
3366 4979
3367 4979
3368 4979
3369 4979
3370 4979
3371 4979
3372 4979
3373 4979
3374 4979
3375 4979
3376 4979
3377 4979
3378 4979
3379 4979
3380 4979
3381 4979
3382 4979
3383 4979
3384 4979
3385 4979
3386 4979
3387 4979
3388 4979
3389 4979
3390 4979
3391 4979
3392 4979
3393 4979
3394 4979
3395 4979
3396 4979
3397 4979
3398 4979
3399 4979
3400 4979
3401 4979
3402 4979
3403 4979
3404 4979
3405 4979
3406 4979
3407 4979
3408 4979
3409 4979
3410 4979
3411 4979
3412 4979
3413 4979
3414 4979
3415 4979
3416 4979
3417 4979
3418 4979
3419 4979
3420 4979
3421 4979
3422 4979
3423 4979
3424 4979
3425 4979
3426 4979
3427 4979
3428 4979
3429 4979
3430 4979
3431 4979
3432 4979
3433 4979
3434 4979
3435 4979
3436 4979
3437 4979
3438 4979
3439 4979
3440 4979
3441 4979
3442 4979
3443 4979
3444 4979
3445 4979
3446 4979
3447 4979
3448 4979
3449 4979
3450 4979
3451 4979
3452 4979
3453 4979
3454 4979
3455 4979
3456 4979
3457 4979
3458 4979
3459 4979
3460 4979
3461 4979
3462 4979
3463 4979
3464 4979
3465 4979
3466 4979
3467 4979
3468 4979
3469 4979
3470 4979
3471 4979
3472 4979
3473 4979
3474 4979
3475 4979
3476 4979
3477 4979
3478 4979
3479 4979
3480 4979
3481 4979
3482 4979
3483 4979
3484 4979
3485 4979
3486 4979
3487 4979
3488 4979
3489 4979
3490 4979
3491 4979
3492 4979
3493 4979
3494 4979
3495 4979
3496 4979
3497 4979
3498 4979
3499 4979
3500 4979
3501 4979
3502 4979
3503 4979
3504 4979
3505 4979
3506 4979
3507 4979
3508 4979
3509 4979
3510 4979
3511 4979
3512 4979
3513 4979
3514 4979
3515 4979
3516 4979
3517 4979
3518 4979
3519 4979
3520 4979
3521 4979
3522 4979
3523 4979
3524 4979
3525 4979
3526 4979
3527 4979
3528 4979
3529 4979
3530 4979
3531 4979
3532 4979
3533 4979
3534 4979
3535 4979
3536 4979
3537 4979
3538 4979
3539 4979
3540 4979
3541 4979
3542 4979
3543 4979
3544 4979
3545 4979
3546 4979
3547 4979
3548 4979
3549 4979
3550 4979
3551 4979
3552 4979
3553 4979
3554 4979
3555 4979
3556 4979
3557 4979
3558 4979
3559 4979
3560 4979
3561 4979
3562 4979
3563 4979
3564 4979
3565 4979
3566 4979
3567 4979
3568 4979
3569 4979
3570 4979
3571 4979
3572 4979
3573 4979
3574 4979
3575 4979
3576 4979
3577 4979
3578 4979
3579 4979
3580 4979
3581 4979
3582 4979
3583 4979
3584 4979
3585 4979
3586 4979
3587 4979
3588 4979
3589 4979
3590 4979
3591 4979
3592 4979
3593 4979
3594 4979
3595 4979
3596 4979
3597 4979
3598 4979
3599 4979
3600 4979
3601 4979
3602 4979
3603 4979
3604 4979
3605 4979
3606 4979
3607 4979
3608 4979
3609 4979
3610 4979
3611 4979
3612 4979
3613 4979
3614 4979
3615 4979
3616 4979
3617 4979
3618 4979
3619 4979
3620 4979
3621 4979
3622 4979
3623 4979
3624 4979
3625 4979
3626 4979
3627 4979
3628 4979
3629 4979
3630 4979
3631 4979
3632 4979
3633 4979
3634 4979
3635 4979
3636 4979
3637 4979
3638 4979
3639 4979
3640 4979
3641 4979
3642 4979
3643 4979
3644 4979
3645 4979
3646 4979
3647 4979
3648 4979
3649 4979
3650 4979
3651 4979
3652 4979
3653 4979
3654 4979
3655 4979
3656 4979
3657 4979
3658 4979
3659 4979
3660 4979
3661 4979
3662 4979
3663 4979
3664 4979
3665 4979
3666 4979
3667 4979
3668 4979
3669 4979
3670 4979
3671 4979
3672 4979
3673 4979
3674 4979
3675 4979
3676 4979
3677 4979
3678 4979
3679 4979
3680 4979
3681 4979
3682 4979
3683 4979
3684 4979
3685 4979
3686 4979
3687 4979
3688 4979
3689 4979
3690 4979
3691 4979
3692 4979
3693 4979
3694 4979
3695 4979
3696 4979
3697 4979
3698 4979
3699 4979
3700 4979
3701 4979
3702 4979
3703 4979
3704 4979
3705 4979
3706 4979
3707 4979
3708 4979
3709 4979
3710 4979
3711 4979
3712 4979
3713 4979
3714 4979
3715 4979
3716 4979
3717 4979
3718 4979
3719 4979
3720 4979
3721 4979
3722 4979
3723 4979
3724 4979
3725 4979
3726 4979
3727 4979
3728 4979
3729 4979
3730 4979
3731 4979
3732 4979
3733 4979
3734 4979
3735 4979
3736 4979
3737 4979
3738 4979
3739 4979
3740 4979
3741 4979
3742 4979
3743 4979
3744 4979
3745 4979
3746 4979
3747 4979
3748 4979
3749 4979
3750 4979
3751 4979
3752 4979
3753 4979
3754 4979
3755 4979
3756 4979
3757 4979
3758 4979
3759 4979
3760 4979
3761 4979
3762 4979
3763 4979
3764 4979
3765 4979
3766 4979
3767 4979
3768 4979
3769 4979
3770 4979
3771 4979
3772 4979
3773 4979
3774 4979
3775 4979
3776 4979
3777 4979
3778 4979
3779 5362
3780 5362
3781 5362
3782 5362
3783 5362
3784 5362
3785 5362
3786 5362
3787 5362
3788 5362
3789 5362
3790 5362
3791 5362
3792 5362
3793 5362
3794 5362
3795 5362
3796 5362
3797 5362
3798 5362
3799 5362
3800 5362
3801 5362
3802 5362
3803 5362
3804 5362
3805 5362
3806 5362
3807 5362
3808 5362
3809 5362
3810 5362
3811 5362
3812 5362
3813 5362
3814 5362
3815 5362
3816 5362
3817 5362
3818 5362
3819 5362
3820 5362
3821 5362
3822 5362
3823 5362
3824 5362
3825 5362
3826 5362
3827 5362
3828 5362
3829 5362
3830 5362
3831 5362
3832 5362
3833 5362
3834 5362
3835 5362
3836 5362
3837 5362
3838 5362
3839 5362
3840 5362
3841 5362
3842 5362
3843 5362
3844 5362
3845 5362
3846 5362
3847 5362
3848 5362
3849 5362
3850 5362
3851 5362
3852 5362
3853 5362
3854 5362
3855 5362
3856 5362
3857 5745
3858 5745
3859 5745
3860 5745
3861 5745
3862 5745
3863 5745
3864 5745
3865 5745
3866 5745
3867 5745
3868 5745
3869 5745
3870 5745
3871 5745
3872 5745
3873 5745
3874 5745
3875 5745
3876 5745
3877 5745
3878 5745
3879 5745
3880 5745
3881 5745
3882 5745
3883 5745
3884 5745
3885 5745
3886 5745
3887 5745
3888 5745
3889 5745
3890 5745
3891 5745
3892 5745
3893 5745
3894 5745
3895 5745
3896 5745
3897 5745
3898 5745
3899 5745
3900 5745
3901 5745
3902 5745
3903 5745
3904 5745
3905 5745
3906 5745
3907 5745
3908 5745
3909 5745
3910 5745
3911 5745
3912 5745
3913 5745
3914 5745
3915 5745
3916 5745
3917 5745
3918 5745
3919 5745
3920 5745
3921 5745
3922 5745
3923 5745
3924 5745
3925 5745
3926 5745
3927 5745
3928 5745
3929 5745
3930 5745
3931 5745
3932 5745
3933 5745
3934 5745
3935 5745
3936 5745
3937 5745
3938 5745
3939 5745
3940 5745
3941 5745
3942 5745
3943 5745
3944 5745
3945 5745
3946 5745
3947 5745
3948 5745
3949 5745
3950 5745
3951 5745
3952 5745
3953 5745
3954 5745
3955 5745
3956 5745
3957 5745
3958 5745
3959 5745
3960 5745
3961 5745
3962 5745
3963 5745
3964 5745
3965 5745
3966 5745
3967 5745
3968 5745
3969 5745
3970 5745
3971 5745
3972 5745
3973 5745
3974 5745
3975 5745
3976 5745
3977 5745
3978 5745
3979 5745
3980 5745
3981 5745
3982 5745
3983 5745
3984 5745
3985 5745
3986 5745
3987 5745
3988 5745
3989 5745
3990 5745
3991 5745
3992 5745
3993 5745
3994 5745
3995 5745
3996 5745
3997 5745
3998 5745
3999 5745
4000 5745
4001 5745
4002 5745
4003 5745
4004 5745
4005 5745
4006 5745
4007 5745
4008 5745
4009 5745
4010 5745
4011 5745
4012 5745
4013 5745
4014 5745
4015 5745
4016 5745
4017 5745
4018 5745
4019 5745
4020 5745
4021 5745
4022 5745
4023 5745
4024 5745
4025 5745
4026 5745
4027 5745
4028 5745
4029 5745
4030 5745
4031 5745
4032 5745
4033 5745
4034 5745
4035 5745
4036 5745
4037 5745
4038 5745
4039 5745
4040 5745
4041 5745
4042 5745
4043 5745
4044 5745
4045 5745
4046 5745
4047 5745
4048 5745
4049 5745
4050 5745
4051 5745
4052 5745
4053 5745
4054 5745
4055 5745
4056 5745
4057 5745
4058 5745
4059 5745
4060 5745
4061 5745
4062 5745
4063 5745
4064 5745
4065 5745
4066 5745
4067 5745
4068 5745
4069 5745
4070 5745
4071 5745
4072 5745
4073 5745
4074 5745
4075 5745
4076 5745
4077 5745
4078 5745
4079 5745
4080 5745
4081 5745
4082 5745
4083 5745
4084 5745
4085 5745
4086 5745
4087 5745
4088 5745
4089 5745
4090 5745
4091 5745
4092 5745
4093 5745
4094 5745
4095 5745
4096 5745
4097 5745
4098 5745
4099 5745
4100 5745
4101 5745
4102 5745
4103 5745
4104 5745
4105 5745
4106 5745
4107 5745
4108 5745
4109 5745
4110 5745
4111 5745
4112 5745
4113 5745
4114 5745
4115 5745
4116 5745
4117 5745
4118 5745
4119 5745
4120 5745
4121 5745
4122 5745
4123 5745
4124 5745
4125 5745
4126 5745
4127 5745
4128 5745
4129 5745
4130 5745
4131 5745
4132 5745
4133 5745
4134 5745
4135 5745
4136 5745
4137 5745
4138 5745
4139 5745
4140 5745
4141 5745
4142 5745
4143 5745
4144 5745
4145 5745
4146 5745
4147 5745
4148 5745
4149 5745
4150 5745
4151 5745
4152 5745
4153 5745
4154 5745
4155 5745
4156 5745
4157 5745
4158 5745
4159 5745
4160 5745
4161 5745
4162 5745
4163 5745
4164 5745
4165 5745
4166 5745
4167 5745
4168 5745
4169 5745
4170 5745
4171 5745
4172 5745
4173 5745
4174 5745
4175 5745
4176 5745
4177 5745
4178 5745
4179 5745
4180 5745
4181 5745
4182 5745
4183 5745
4184 5745
4185 5745
4186 5745
4187 5745
4188 5745
4189 5745
4190 5745
4191 5745
4192 5745
4193 5745
4194 5745
4195 5745
4196 5745
4197 5745
4198 5745
4199 5745
4200 5745
4201 5745
4202 5745
4203 5745
4204 5745
4205 5745
4206 5745
4207 5745
4208 5745
4209 5745
4210 5745
4211 5745
4212 5745
4213 5745
4214 5745
4215 5745
4216 5745
4217 5745
4218 5745
4219 5745
4220 5745
4221 5745
4222 5745
4223 5745
4224 5745
4225 5745
4226 5745
4227 5745
4228 5745
4229 5745
4230 5745
4231 5745
4232 5745
4233 5745
4234 5745
4235 5745
4236 5745
4237 5745
4238 5745
4239 5745
4240 5745
4241 5745
4242 5745
4243 5745
4244 5745
4245 5745
4246 5745
4247 5745
4248 5745
4249 5745
4250 5745
4251 5745
4252 5745
4253 5745
4254 5745
4255 5745
4256 5745
4257 5745
4258 5745
4259 5745
4260 5745
4261 5745
4262 5745
4263 5745
4264 5745
4265 5745
4266 5745
4267 5745
4268 5745
4269 5745
4270 5745
4271 5745
4272 5745
4273 5745
4274 5745
4275 5745
4276 5745
4277 5745
4278 5745
4279 5745
4280 5745
4281 5745
4282 5745
4283 5745
4284 5745
4285 5745
4286 5745
4287 5745
4288 5745
4289 5745
4290 5745
4291 5745
4292 5745
4293 5745
4294 5745
4295 5745
4296 5745
4297 5745
4298 5745
4299 5745
4300 5745
4301 5745
4302 5745
4303 5745
4304 5745
4305 5745
4306 5745
4307 5745
4308 5745
4309 5745
4310 5745
4311 5745
4312 5745
4313 5745
4314 5745
4315 5745
4316 5745
4317 5745
4318 5745
4319 5745
4320 5745
4321 5745
4322 5745
4323 5745
4324 5745
4325 5745
4326 5745
4327 5745
4328 5745
4329 5745
4330 5745
4331 5745
4332 5745
4333 5745
4334 5745
4335 5745
4336 5745
4337 5745
4338 5745
4339 5745
4340 5745
4341 5745
4342 5745
4343 5745
4344 5745
4345 5745
4346 5745
4347 5745
4348 5745
4349 5745
4350 5745
4351 5745
4352 5745
4353 5745
4354 5745
4355 5745
4356 5745
4357 5745
4358 5745
4359 5745
4360 5745
4361 5745
4362 5745
4363 5745
4364 5745
4365 5745
4366 5745
4367 5745
4368 5745
4369 5745
4370 5745
4371 5745
4372 5745
4373 5745
4374 5745
4375 5745
4376 5745
4377 5745
4378 5745
4379 5745
4380 5745
4381 5745
4382 5745
4383 5745
4384 5745
4385 5745
4386 5745
4387 5745
4388 5745
4389 5745
4390 5745
4391 5745
4392 5745
4393 5745
4394 5745
4395 5745
4396 5745
4397 5745
4398 5745
4399 5745
4400 5745
4401 5745
4402 5745
4403 5745
4404 5745
4405 5745
4406 5745
4407 5745
4408 5745
4409 5745
4410 5745
4411 5745
4412 5745
4413 5745
4414 5745
4415 5745
4416 5745
4417 5745
4418 5745
4419 5745
4420 5745
4421 5745
4422 5745
4423 5745
4424 5745
4425 5745
4426 5745
4427 5745
4428 5745
4429 5745
4430 5745
4431 5745
4432 5745
4433 5745
4434 5745
4435 5745
4436 5745
4437 5745
4438 5745
4439 5745
4440 5745
4441 5745
4442 5745
4443 5745
4444 5745
4445 5745
4446 5745
4447 5745
4448 5745
4449 5745
4450 5745
4451 5745
4452 5745
4453 5745
4454 5745
4455 5745
4456 5745
4457 5745
4458 5745
4459 5745
4460 5745
4461 5745
4462 5745
4463 5745
4464 5745
4465 5745
4466 5745
4467 5745
4468 5745
4469 5745
4470 5745
4471 5745
4472 5745
4473 5745
4474 5745
4475 5745
4476 5745
4477 5745
4478 5745
4479 5745
4480 5745
4481 5745
4482 5745
4483 5745
4484 5745
4485 5745
4486 5745
4487 5745
4488 5745
4489 5745
4490 5745
4491 5745
4492 5745
4493 5745
4494 5745
4495 5745
4496 5745
4497 5745
4498 5745
4499 5745
4500 5745
4501 5745
4502 5745
4503 5745
4504 5745
4505 5745
4506 5745
4507 5745
4508 5745
4509 5745
4510 5745
4511 5745
4512 5745
4513 5745
4514 5745
4515 5745
4516 5745
4517 5745
4518 5745
4519 5745
4520 5745
4521 5745
4522 5745
4523 5745
4524 5745
4525 5745
4526 5745
4527 5745
4528 5745
4529 5745
4530 5745
4531 5745
4532 5745
4533 5745
4534 5745
4535 5745
4536 5745
4537 5745
4538 5745
4539 5745
4540 5745
4541 5745
4542 5745
4543 5745
4544 5745
4545 5745
4546 5745
4547 5745
4548 5745
4549 5745
4550 5745
4551 5745
4552 5745
4553 5745
4554 5745
4555 5745
4556 5745
4557 5745
4558 5745
4559 5745
4560 5745
4561 5745
4562 5745
4563 5745
4564 5745
4565 5745
4566 5745
4567 5745
4568 5745
4569 5745
4570 5745
4571 5745
4572 5745
4573 5745
4574 5745
4575 5745
4576 5745
4577 5745
4578 5745
4579 5745
4580 5745
4581 5745
4582 5745
4583 5745
4584 5745
4585 5745
4586 5745
4587 5745
4588 5745
4589 5745
4590 5745
4591 5745
4592 5745
4593 5745
4594 5745
4595 5745
4596 5745
4597 5745
4598 5745
4599 5745
4600 5745
4601 5745
4602 5745
4603 5745
4604 5745
4605 5745
4606 5745
4607 5745
4608 5745
4609 5745
4610 5745
4611 5745
4612 5745
4613 5745
4614 5745
4615 5745
4616 5745
4617 5745
4618 5745
4619 5745
4620 5745
4621 5745
4622 5745
4623 5745
4624 5745
4625 5745
4626 5745
4627 5745
4628 5745
4629 5745
4630 5745
4631 5745
4632 5745
4633 5745
4634 5745
4635 5745
4636 5745
4637 5745
4638 5745
4639 5745
4640 5745
4641 5745
4642 5745
4643 5745
4644 5745
4645 5745
4646 5745
4647 5745
4648 5745
4649 5745
4650 5745
4651 5745
4652 5745
4653 5745
4654 5745
4655 5745
4656 5745
4657 5745
4658 5745
4659 5745
4660 5745
4661 5745
4662 5745
4663 5745
4664 5745
4665 5745
4666 5745
4667 5745
4668 5745
4669 5745
4670 5745
4671 5745
4672 5745
4673 5745
4674 5745
4675 5745
4676 5745
4677 5745
4678 5745
4679 5745
4680 5745
4681 5745
4682 5745
4683 5745
4684 5745
4685 5745
4686 5745
4687 5745
4688 5745
4689 5745
4690 5745
4691 5745
4692 5745
4693 5745
4694 5745
4695 5745
4696 5745
4697 5745
4698 5745
4699 5745
4700 5745
4701 5745
4702 5745
4703 5745
4704 5745
4705 5745
4706 5745
4707 5745
4708 5745
4709 5745
4710 5745
4711 5745
4712 5745
4713 5745
4714 5745
4715 5745
4716 5745
4717 5745
4718 5745
4719 5745
4720 5745
4721 5745
4722 5745
4723 5745
4724 5745
4725 5745
4726 5745
4727 5745
4728 5745
4729 5745
4730 5745
4731 5745
4732 5745
4733 5745
4734 5745
4735 5745
4736 5745
4737 5745
4738 5745
4739 5745
4740 5745
4741 5745
4742 5745
4743 5745
4744 5745
4745 5745
4746 5745
4747 5745
4748 5745
4749 5745
4750 5745
4751 5745
4752 5745
4753 5745
4754 5745
4755 5745
4756 5745
4757 5745
4758 5745
4759 5745
4760 5745
4761 5745
4762 5745
4763 5745
4764 5745
4765 5745
4766 5745
4767 5745
4768 5745
4769 5745
4770 5745
4771 5745
4772 5745
4773 5745
4774 5745
4775 5745
4776 5745
4777 5745
4778 5745
4779 5745
4780 5745
4781 5745
4782 5745
4783 5745
4784 5745
4785 5745
4786 5745
4787 5745
4788 5745
4789 5745
4790 5745
4791 5745
4792 5745
4793 5745
4794 5745
4795 5745
4796 5745
4797 5745
4798 5745
4799 5745
4800 5745
4801 5745
4802 5745
4803 5745
4804 5745
4805 5745
4806 5745
4807 5745
4808 5745
4809 5745
4810 5745
4811 5745
4812 5745
4813 5745
4814 5745
4815 5745
4816 5745
4817 5745
4818 5745
4819 5745
4820 5745
4821 5745
4822 5745
4823 5745
4824 5745
4825 5745
4826 5745
4827 5745
4828 5745
4829 5745
4830 5745
4831 5745
4832 5745
4833 5745
4834 5745
4835 5745
4836 5745
4837 5745
4838 5745
4839 5745
4840 5745
4841 5745
4842 5745
4843 5745
4844 5745
4845 5745
4846 5745
4847 5745
4848 5745
4849 5745
4850 5745
4851 5745
4852 5745
4853 5745
4854 5745
4855 5745
4856 5745
4857 5745
4858 5745
4859 5745
4860 5745
4861 5745
4862 5745
4863 5745
4864 5745
4865 5745
4866 5745
4867 5745
4868 5745
4869 5745
4870 5745
4871 5745
4872 5745
4873 5745
4874 5745
4875 5745
4876 5745
4877 5745
4878 5745
4879 5745
4880 5745
4881 5745
4882 5745
4883 5745
4884 5745
4885 5745
4886 5745
4887 5745
4888 5745
4889 5745
4890 5745
4891 5745
4892 5745
4893 5745
4894 5745
4895 5745
4896 5745
4897 5745
4898 5745
4899 5745
4900 5745
4901 5745
4902 5745
4903 5745
4904 5745
4905 5745
4906 5745
4907 5745
4908 5745
4909 5745
4910 5745
4911 5745
4912 5745
4913 5745
4914 5745
4915 5745
4916 5745
4917 5745
4918 5745
4919 5745
4920 5745
4921 5745
4922 5745
4923 5745
4924 5745
4925 5745
4926 5745
4927 5745
4928 5745
4929 5745
4930 5745
4931 5745
4932 5745
4933 5745
4934 5745
4935 5745
4936 5745
4937 5745
4938 5745
4939 5745
4940 5745
4941 5745
4942 5745
4943 5745
4944 5745
4945 5745
4946 5745
4947 5745
4948 5745
4949 5745
4950 5745
4951 5745
4952 5745
4953 5745
4954 5745
4955 5745
4956 5745
4957 5745
4958 5745
4959 5745
4960 5745
4961 5745
4962 5745
4963 5745
4964 5745
4965 5745
4966 5745
4967 5745
4968 5745
4969 5745
4970 5745
4971 5745
4972 5745
4973 5745
4974 5745
4975 5745
4976 5745
4977 5745
4978 5745
4979 5745
4980 5745
4981 5745
4982 5745
4983 5745
4984 5745
4985 5745
4986 5745
4987 5745
4988 5745
4989 5745
4990 5745
4991 5745
4992 5745
4993 5745
4994 5745
4995 5745
4996 5745
4997 5745
4998 5745
4999 5745
5000 5745
