1 0
2 0
3 0
4 0
5 0
6 0
7 0
8 0
9 0
10 0
11 0
12 0
13 0
14 0
15 0
16 0
17 0
18 0
19 0
20 0
21 0
22 0
23 0
24 0
25 0
26 0
27 0
28 0
29 0
30 0
31 0
32 0
33 0
34 0
35 0
36 0
37 0
38 0
39 0
40 0
41 0
42 0
43 0
44 0
45 0
46 0
47 0
48 0
49 0
50 0
51 0
52 0
53 0
54 0
55 0
56 0
57 0
58 0
59 0
60 0
61 0
62 0
63 0
64 0
65 0
66 0
67 0
68 0
69 0
70 0
71 0
72 0
73 0
74 0
75 0
76 0
77 0
78 0
79 0
80 0
81 0
82 0
83 0
84 0
85 0
86 0
87 0
88 0
89 0
90 0
91 0
92 0
93 0
94 0
95 0
96 0
97 0
98 0
99 0
100 0
101 0
102 0
103 0
104 0
105 0
106 0
107 0
108 0
109 0
110 0
111 0
112 0
113 0
114 0
115 0
116 0
117 0
118 0
119 0
120 0
121 0
122 0
123 0
124 0
125 0
126 0
127 0
128 0
129 0
130 0
131 0
132 0
133 0
134 0
135 0
136 0
137 0
138 0
139 0
140 0
141 0
142 0
143 0
144 0
145 0
146 0
147 0
148 0
149 0
150 0
151 0
152 0
153 0
154 0
155 0
156 0
157 0
158 0
159 0
160 0
161 0
162 0
163 0
164 0
165 0
166 0
167 0
168 0
169 0
170 0
171 0
172 0
173 0
174 0
175 0
176 0
177 0
178 0
179 0
180 0
181 0
182 0
183 0
184 0
185 0
186 0
187 0
188 0
189 0
190 0
191 0
192 0
193 0
194 0
195 0
196 0
197 0
198 0
199 0
200 0
201 0
202 0
203 0
204 0
205 0
206 0
207 0
208 0
209 0
210 0
211 0
212 0
213 0
214 0
215 0
216 0
217 0
218 0
219 0
220 0
221 0
222 0
223 0
224 0
225 0
226 0
227 0
228 0
229 0
230 0
231 0
232 0
233 0
234 0
235 0
236 0
237 0
238 0
239 0
240 0
241 0
242 0
243 0
244 0
245 0
246 0
247 0
248 0
249 0
250 0
251 0
252 0
253 0
254 0
255 0
256 0
257 0
258 0
259 0
260 0
261 0
262 0
263 0
264 0
265 0
266 0
267 0
268 0
269 0
270 0
271 0
272 0
273 0
274 0
275 0
276 0
277 0
278 0
279 0
280 0
281 0
282 0
283 0
284 0
285 0
286 0
287 0
288 0
289 0
290 0
291 0
292 0
293 0
294 0
295 0
296 0
297 0
298 0
299 0
300 0
301 0
302 0
303 0
304 0
305 0
306 0
307 0
308 0
309 0
310 0
311 0
312 0
313 0
314 0
315 0
316 0
317 0
318 0
319 0
320 0
321 0
322 0
323 0
324 0
325 0
326 0
327 0
328 0
329 0
330 0
331 0
332 0
333 0
334 0
335 0
336 0
337 0
338 0
339 0
340 0
341 0
342 0
343 0
344 0
345 0
346 0
347 0
348 0
349 0
350 0
351 0
352 0
353 0
354 0
355 0
356 0
357 0
358 0
359 0
360 0
361 0
362 0
363 0
364 0
365 0
366 0
367 0
368 0
369 0
370 0
371 0
372 0
373 0
374 0
375 0
376 0
377 0
378 0
379 0
380 0
381 0
382 0
383 0
384 0
385 0
386 0
387 0
388 0
389 0
390 0
391 0
392 0
393 0
394 0
395 0
396 0
397 0
398 0
399 0
400 0
401 0
402 0
403 0
404 0
405 0
406 0
407 0
408 0
409 0
410 0
411 0
412 0
413 0
414 0
415 0
416 0
417 0
418 0
419 0
420 0
421 0
422 0
423 0
424 0
425 0
426 0
427 0
428 0
429 0
430 0
431 0
432 0
433 0
434 0
435 0
436 0
437 0
438 0
439 0
440 0
441 0
442 0
443 0
444 0
445 0
446 0
447 0
448 0
449 0
450 0
451 0
452 0
453 0
454 0
455 0
456 0
457 0
458 0
459 0
460 0
461 0
462 0
463 0
464 0
465 0
466 0
467 0
468 0
469 0
470 0
471 0
472 0
473 0
474 0
475 0
476 0
477 0
478 0
479 0
480 0
481 0
482 0
483 0
484 0
485 0
486 0
487 0
488 0
489 0
490 0
491 0
492 0
493 0
494 0
495 0
496 0
497 0
498 0
499 0
500 0
501 0
502 0
503 0
504 0
505 0
506 0
507 0
508 0
509 0
510 0
511 0
512 0
513 0
514 0
515 0
516 0
517 0
518 0
519 0
520 0
521 0
522 0
523 0
524 0
525 0
526 0
527 0
528 0
529 0
530 0
531 0
532 0
533 0
534 0
535 0
536 0
537 0
538 0
539 0
540 0
541 0
542 0
543 0
544 0
545 0
546 0
547 0
548 0
549 0
550 0
551 0
552 0
553 0
554 0
555 0
556 0
557 0
558 0
559 0
560 0
561 0
562 0
563 0
564 0
565 0
566 0
567 0
568 0
569 0
570 0
571 0
572 0
573 0
574 0
575 0
576 0
577 0
578 0
579 0
580 0
581 0
582 0
583 0
584 0
585 0
586 0
587 0
588 0
589 0
590 0
591 0
592 0
593 0
594 0
595 0
596 0
597 0
598 0
599 0
600 0
601 0
602 0
603 0
604 0
605 0
606 0
607 0
608 0
609 0
610 0
611 0
612 0
613 0
614 0
615 0
616 0
617 0
618 0
619 0
620 0
621 0
622 0
623 0
624 0
625 0
626 0
627 0
628 0
629 0
630 0
631 0
632 0
633 0
634 0
635 0
636 0
637 0
638 0
639 0
640 0
641 0
642 0
643 0
644 0
645 0
646 0
647 0
648 0
649 0
650 0
651 0
652 0
653 0
654 0
655 0
656 0
657 0
658 0
659 0
660 0
661 0
662 0
663 0
664 0
665 0
666 0
667 0
668 0
669 0
670 0
671 0
672 0
673 0
674 0
675 0
676 0
677 0
678 0
679 0
680 0
681 0
682 0
683 0
684 0
685 0
686 0
687 0
688 0
689 0
690 0
691 0
692 0
693 0
694 0
695 0
696 0
697 0
698 0
699 0
700 0
701 0
702 0
703 0
704 0
705 0
706 0
707 0
708 0
709 0
710 0
711 0
712 0
713 0
714 0
715 0
716 0
717 0
718 0
719 0
720 0
721 0
722 0
723 0
724 0
725 0
726 5
727 5
728 5
729 5
730 5
731 5
732 5
733 5
734 5
735 5
736 5
737 5
738 5
739 5
740 5
741 5
742 5
743 5
744 5
745 5
746 5
747 5
748 5
749 5
750 5
751 5
752 5
753 5
754 5
755 5
756 5
757 5
758 5
759 5
760 5
761 5
762 5
763 5
764 5
765 5
766 5
767 5
768 5
769 5
770 5
771 5
772 5
773 5
774 5
775 5
776 5
777 5
778 5
779 5
780 5
781 5
782 5
783 5
784 5
785 5
786 5
787 5
788 5
789 5
790 5
791 5
792 5
793 5
794 5
795 5
796 5
797 5
798 5
799 5
800 5
801 5
802 5
803 5
804 5
805 5
806 5
807 5
808 5
809 5
810 5
811 5
812 5
813 5
814 5
815 5
816 5
817 5
818 5
819 5
820 5
821 5
822 5
823 5
824 5
825 5
826 5
827 5
828 5
829 5
830 5
831 5
832 5
833 5
834 5
835 5
836 5
837 5
838 5
839 5
840 5
841 5
842 5
843 5
844 5
845 5
846 5
847 5
848 5
849 5
850 5
851 5
852 5
853 5
854 5
855 5
856 5
857 5
858 5
859 5
860 5
861 5
862 5
863 5
864 5
865 5
866 5
867 5
868 5
869 5
870 5
871 5
872 5
873 5
874 5
875 5
876 5
877 5
878 5
879 5
880 5
881 5
882 5
883 5
884 5
885 5
886 5
887 5
888 5
889 5
890 5
891 5
892 5
893 5
894 5
895 5
896 5
897 5
898 5
899 5
900 5
901 5
902 5
903 5
904 5
905 5
906 5
907 5
908 5
909 5
910 5
911 5
912 5
913 5
914 5
915 5
916 5
917 5
918 5
919 5
920 5
921 5
922 5
923 5
924 5
925 5
926 5
927 5
928 5
929 5
930 5
931 5
932 5
933 5
934 5
935 5
936 5
937 5
938 5
939 5
940 5
941 5
942 10
943 10
944 10
945 10
946 10
947 10
948 10
949 10
950 10
951 10
952 10
953 10
954 10
955 10
956 10
957 10
958 10
959 10
960 10
961 10
962 10
963 10
964 10
965 10
966 10
967 10
968 10
969 10
970 10
971 10
972 10
973 10
974 10
975 10
976 10
977 10
978 10
979 10
980 10
981 10
982 10
983 10
984 10
985 10
986 10
987 10
988 10
989 10
990 10
991 10
992 10
993 10
994 10
995 10
996 10
997 10
998 10
999 10
1000 10
1001 10
1002 10
1003 10
1004 10
1005 10
1006 10
1007 10
1008 10
1009 10
1010 10
1011 10
1012 10
1013 10
1014 10
1015 10
1016 10
1017 10
1018 10
1019 10
1020 10
1021 10
1022 10
1023 10
1024 10
1025 10
1026 10
1027 10
1028 10
1029 10
1030 10
1031 10
1032 10
1033 10
1034 10
1035 10
1036 10
1037 10
1038 10
1039 10
1040 10
1041 10
1042 10
1043 10
1044 10
1045 10
1046 10
1047 10
1048 10
1049 10
1050 10
1051 10
1052 10
1053 10
1054 10
1055 10
1056 10
1057 10
1058 10
1059 10
1060 10
1061 10
1062 10
1063 10
1064 10
1065 10
1066 10
1067 10
1068 10
1069 10
1070 10
1071 10
1072 10
1073 10
1074 10
1075 10
1076 10
1077 10
1078 10
1079 10
1080 10
1081 10
1082 10
1083 10
1084 10
1085 10
1086 10
1087 10
1088 10
1089 10
1090 10
1091 10
1092 10
1093 10
1094 10
1095 10
1096 10
1097 10
1098 10
1099 10
1100 10
1101 10
1102 10
1103 10
1104 10
1105 10
1106 10
1107 10
1108 10
1109 10
1110 10
1111 10
1112 10
1113 10
1114 10
1115 10
1116 10
1117 10
1118 10
1119 10
1120 10
1121 10
1122 10
1123 10
1124 10
1125 10
1126 10
1127 10
1128 10
1129 10
1130 10
1131 10
1132 10
1133 10
1134 10
1135 10
1136 10
1137 10
1138 10
1139 10
1140 10
1141 10
1142 10
1143 10
1144 10
1145 10
1146 10
1147 10
1148 10
1149 10
1150 10
1151 15
1152 15
1153 15
1154 15
1155 15
1156 15
1157 15
1158 15
1159 15
1160 15
1161 15
1162 15
1163 15
1164 15
1165 15
1166 15
1167 15
1168 15
1169 15
1170 15
1171 15
1172 15
1173 15
1174 15
1175 15
1176 15
1177 15
1178 15
1179 15
1180 15
1181 15
1182 15
1183 15
1184 15
1185 15
1186 15
1187 15
1188 15
1189 15
1190 15
1191 15
1192 15
1193 15
1194 15
1195 15
1196 15
1197 15
1198 15
1199 15
1200 15
1201 15
1202 15
1203 15
1204 15
1205 15
1206 15
1207 15
1208 15
1209 15
1210 15
1211 15
1212 15
1213 15
1214 15
1215 15
1216 15
1217 15
1218 15
1219 15
1220 15
1221 15
1222 15
1223 15
1224 15
1225 15
1226 15
1227 15
1228 15
1229 15
1230 15
1231 15
1232 15
1233 15
1234 15
1235 15
1236 15
1237 15
1238 15
1239 15
1240 15
1241 15
1242 15
1243 15
1244 15
1245 15
1246 15
1247 15
1248 15
1249 15
1250 15
1251 15
1252 15
1253 15
1254 15
1255 15
1256 15
1257 15
1258 15
1259 15
1260 15
1261 15
1262 15
1263 15
1264 15
1265 15
1266 15
1267 15
1268 15
1269 15
1270 15
1271 15
1272 15
1273 15
1274 15
1275 15
1276 15
1277 15
1278 15
1279 15
1280 15
1281 15
1282 15
1283 15
1284 15
1285 15
1286 15
1287 15
1288 15
1289 15
1290 15
1291 15
1292 15
1293 15
1294 15
1295 15
1296 15
1297 15
1298 15
1299 15
1300 15
1301 15
1302 15
1303 15
1304 15
1305 15
1306 15
1307 15
1308 15
1309 15
1310 15
1311 15
1312 15
1313 15
1314 15
1315 15
1316 15
1317 15
1318 15
1319 15
1320 15
1321 15
1322 15
1323 15
1324 15
1325 15
1326 15
1327 15
1328 15
1329 15
1330 15
1331 15
1332 15
1333 15
1334 15
1335 15
1336 15
1337 15
1338 15
1339 15
1340 15
1341 15
1342 15
1343 15
1344 15
1345 15
1346 15
1347 15
1348 15
1349 15
1350 15
1351 15
1352 15
1353 15
1354 20
1355 20
1356 20
1357 20
1358 20
1359 20
1360 20
1361 20
1362 20
1363 20
1364 20
1365 20
1366 20
1367 20
1368 20
1369 20
1370 20
1371 20
1372 20
1373 20
1374 20
1375 20
1376 20
1377 20
1378 20
1379 20
1380 20
1381 20
1382 20
1383 20
1384 20
1385 20
1386 20
1387 20
1388 20
1389 20
1390 20
1391 20
1392 20
1393 20
1394 20
1395 20
1396 20
1397 20
1398 20
1399 20
1400 20
1401 20
1402 20
1403 20
1404 20
1405 20
1406 20
1407 20
1408 20
1409 20
1410 20
1411 20
1412 20
1413 20
1414 20
1415 20
1416 20
1417 20
1418 20
1419 20
1420 20
1421 20
1422 20
1423 20
1424 20
1425 20
1426 20
1427 20
1428 20
1429 20
1430 20
1431 20
1432 20
1433 20
1434 20
1435 20
1436 20
1437 20
1438 20
1439 20
1440 20
1441 20
1442 20
1443 20
1444 20
1445 20
1446 20
1447 20
1448 20
1449 20
1450 20
1451 20
1452 20
1453 20
1454 20
1455 20
1456 20
1457 20
1458 20
1459 20
1460 20
1461 20
1462 20
1463 20
1464 20
1465 20
1466 20
1467 20
1468 20
1469 20
1470 20
1471 20
1472 20
1473 20
1474 20
1475 20
1476 20
1477 20
1478 20
1479 20
1480 20
1481 20
1482 20
1483 20
1484 20
1485 20
1486 20
1487 20
1488 20
1489 20
1490 20
1491 20
1492 20
1493 20
1494 20
1495 20
1496 20
1497 20
1498 20
1499 20
1500 20
1501 20
1502 20
1503 20
1504 20
1505 20
1506 20
1507 20
1508 20
1509 20
1510 20
1511 20
1512 20
1513 20
1514 20
1515 20
1516 20
1517 20
1518 20
1519 20
1520 20
1521 20
1522 20
1523 20
1524 20
1525 20
1526 20
1527 20
1528 20
1529 20
1530 20
1531 20
1532 20
1533 20
1534 20
1535 20
1536 20
1537 20
1538 20
1539 20
1540 20
1541 20
1542 20
1543 20
1544 20
1545 20
1546 20
1547 20
1548 20
1549 20
1550 20
1551 20
1552 20
1553 20
1554 20
1555 20
1556 20
1557 20
1558 20
1559 20
1560 20
1561 20
1562 20
1563 25
1564 25
1565 25
1566 25
1567 25
1568 25
1569 25
1570 25
1571 25
1572 25
1573 25
1574 25
1575 25
1576 25
1577 25
1578 25
1579 25
1580 25
1581 25
1582 25
1583 25
1584 25
1585 25
1586 25
1587 25
1588 25
1589 25
1590 25
1591 25
1592 25
1593 25
1594 25
1595 25
1596 25
1597 25
1598 25
1599 25
1600 25
1601 25
1602 25
1603 25
1604 25
1605 25
1606 25
1607 25
1608 25
1609 25
1610 25
1611 25
1612 25
1613 25
1614 25
1615 25
1616 25
1617 25
1618 25
1619 25
1620 25
1621 25
1622 25
1623 25
1624 25
1625 25
1626 25
1627 25
1628 25
1629 25
1630 25
1631 25
1632 25
1633 25
1634 25
1635 25
1636 25
1637 25
1638 25
1639 25
1640 25
1641 25
1642 25
1643 25
1644 25
1645 25
1646 25
1647 25
1648 25
1649 25
1650 25
1651 25
1652 25
1653 25
1654 25
1655 25
1656 25
1657 25
1658 25
1659 25
1660 25
1661 25
1662 25
1663 25
1664 25
1665 25
1666 25
1667 25
1668 25
1669 25
1670 25
1671 25
1672 25
1673 25
1674 25
1675 25
1676 25
1677 25
1678 25
1679 25
1680 25
1681 25
1682 25
1683 25
1684 25
1685 25
1686 25
1687 25
1688 25
1689 25
1690 25
1691 25
1692 25
1693 25
1694 25
1695 25
1696 25
1697 25
1698 25
1699 25
1700 25
1701 25
1702 25
1703 25
1704 25
1705 25
1706 25
1707 25
1708 25
1709 25
1710 25
1711 25
1712 25
1713 25
1714 25
1715 25
1716 25
1717 25
1718 25
1719 25
1720 25
1721 25
1722 25
1723 25
1724 25
1725 25
1726 25
1727 25
1728 25
1729 25
1730 25
1731 25
1732 25
1733 25
1734 25
1735 25
1736 25
1737 25
1738 25
1739 25
1740 25
1741 25
1742 25
1743 25
1744 25
1745 25
1746 25
1747 25
1748 25
1749 25
1750 25
1751 25
1752 25
1753 25
1754 25
1755 25
1756 25
1757 25
1758 25
1759 25
1760 25
1761 25
1762 25
1763 25
1764 25
1765 25
1766 25
1767 25
1768 25
1769 25
1770 25
1771 25
1772 25
1773 25
1774 25
1775 25
1776 25
1777 25
1778 25
1779 25
1780 25
1781 25
1782 30
1783 30
1784 30
1785 30
1786 30
1787 30
1788 30
1789 30
1790 30
1791 30
1792 30
1793 30
1794 30
1795 30
1796 30
1797 30
1798 30
1799 30
1800 30
1801 30
1802 30
1803 30
1804 30
1805 30
1806 30
1807 30
1808 30
1809 30
1810 30
1811 30
1812 30
1813 30
1814 30
1815 30
1816 30
1817 30
1818 30
1819 30
1820 30
1821 30
1822 30
1823 30
1824 30
1825 30
1826 30
1827 30
1828 30
1829 30
1830 30
1831 30
1832 30
1833 30
1834 30
1835 30
1836 30
1837 30
1838 30
1839 30
1840 30
1841 30
1842 30
1843 30
1844 30
1845 30
1846 30
1847 30
1848 30
1849 30
1850 30
1851 30
1852 30
1853 30
1854 30
1855 30
1856 30
1857 30
1858 30
1859 30
1860 30
1861 30
1862 30
1863 30
1864 30
1865 30
1866 30
1867 30
1868 30
1869 30
1870 30
1871 30
1872 30
1873 30
1874 30
1875 30
1876 30
1877 30
1878 30
1879 30
1880 30
1881 30
1882 30
1883 30
1884 30
1885 30
1886 30
1887 30
1888 30
1889 30
1890 30
1891 30
1892 30
1893 30
1894 30
1895 30
1896 30
1897 30
1898 30
1899 30
1900 30
1901 30
1902 30
1903 30
1904 30
1905 30
1906 30
1907 30
1908 30
1909 30
1910 30
1911 30
1912 30
1913 30
1914 30
1915 30
1916 30
1917 30
1918 30
1919 30
1920 30
1921 30
1922 30
1923 30
1924 30
1925 30
1926 30
1927 30
1928 30
1929 30
1930 30
1931 30
1932 30
1933 30
1934 30
1935 30
1936 30
1937 30
1938 30
1939 30
1940 30
1941 30
1942 30
1943 30
1944 30
1945 30
1946 30
1947 30
1948 30
1949 30
1950 30
1951 30
1952 30
1953 30
1954 30
1955 30
1956 30
1957 30
1958 30
1959 30
1960 30
1961 30
1962 30
1963 30
1964 30
1965 30
1966 30
1967 30
1968 30
1969 30
1970 30
1971 30
1972 30
1973 30
1974 30
1975 30
1976 30
1977 30
1978 30
1979 30
1980 30
1981 30
1982 30
1983 30
1984 30
1985 30
1986 30
1987 30
1988 30
1989 30
1990 30
1991 30
1992 30
1993 30
1994 30
1995 30
1996 30
1997 30
1998 30
1999 30
2000 30
2001 30
2002 30
2003 30
2004 30
2005 30
2006 30
2007 30
2008 30
2009 30
2010 30
2011 35
2012 35
2013 35
2014 35
2015 35
2016 35
2017 35
2018 35
2019 35
2020 35
2021 35
2022 35
2023 35
2024 35
2025 35
2026 35
2027 35
2028 35
2029 35
2030 35
2031 35
2032 35
2033 35
2034 35
2035 35
2036 35
2037 35
2038 35
2039 35
2040 35
2041 35
2042 35
2043 35
2044 35
2045 35
2046 35
2047 35
2048 35
2049 35
2050 35
2051 35
2052 35
2053 35
2054 35
2055 35
2056 35
2057 35
2058 35
2059 35
2060 35
2061 35
2062 35
2063 35
2064 35
2065 35
2066 35
2067 35
2068 35
2069 35
2070 35
2071 35
2072 35
2073 35
2074 35
2075 35
2076 35
2077 35
2078 35
2079 35
2080 35
2081 35
2082 35
2083 35
2084 35
2085 35
2086 35
2087 35
2088 35
2089 35
2090 35
2091 35
2092 35
2093 35
2094 35
2095 35
2096 35
2097 35
2098 35
2099 35
2100 35
2101 35
2102 35
2103 35
2104 35
2105 35
2106 35
2107 35
2108 35
2109 35
2110 35
2111 35
2112 35
2113 35
2114 35
2115 35
2116 35
2117 35
2118 35
2119 35
2120 35
2121 35
2122 35
2123 35
2124 35
2125 35
2126 35
2127 35
2128 35
2129 35
2130 35
2131 35
2132 35
2133 35
2134 35
2135 35
2136 35
2137 35
2138 35
2139 35
2140 35
2141 35
2142 35
2143 35
2144 35
2145 35
2146 35
2147 35
2148 35
2149 35
2150 35
2151 35
2152 35
2153 35
2154 35
2155 35
2156 35
2157 35
2158 35
2159 35
2160 35
2161 35
2162 35
2163 35
2164 35
2165 35
2166 35
2167 35
2168 35
2169 35
2170 35
2171 35
2172 35
2173 35
2174 35
2175 35
2176 35
2177 35
2178 35
2179 35
2180 35
2181 35
2182 35
2183 35
2184 35
2185 35
2186 35
2187 35
2188 35
2189 35
2190 35
2191 35
2192 35
2193 35
2194 35
2195 35
2196 35
2197 35
2198 35
2199 35
2200 35
2201 35
2202 35
2203 35
2204 35
2205 35
2206 35
2207 35
2208 35
2209 35
2210 35
2211 35
2212 35
2213 35
2214 35
2215 35
2216 35
2217 35
2218 35
2219 35
2220 35
2221 35
2222 35
2223 35
2224 35
2225 35
2226 35
2227 35
2228 35
2229 35
2230 35
2231 35
2232 35
2233 35
2234 35
2235 35
2236 35
2237 35
2238 35
2239 35
2240 35
2241 35
2242 35
2243 35
2244 35
2245 35
2246 35
2247 35
2248 35
2249 35
2250 40
2251 40
2252 40
2253 40
2254 40
2255 40
2256 40
2257 40
2258 40
2259 40
2260 40
2261 40
2262 40
2263 40
2264 40
2265 40
2266 40
2267 40
2268 40
2269 40
2270 40
2271 40
2272 40
2273 40
2274 40
2275 40
2276 40
2277 40
2278 40
2279 40
2280 40
2281 40
2282 40
2283 40
2284 40
2285 40
2286 40
2287 40
2288 40
2289 40
2290 40
2291 40
2292 40
2293 40
2294 40
2295 40
2296 40
2297 40
2298 40
2299 40
2300 40
2301 40
2302 40
2303 40
2304 40
2305 40
2306 40
2307 40
2308 40
2309 40
2310 40
2311 40
2312 40
2313 40
2314 40
2315 40
2316 40
2317 40
2318 40
2319 40
2320 40
2321 40
2322 40
2323 40
2324 40
2325 40
2326 40
2327 40
2328 40
2329 40
2330 40
2331 40
2332 40
2333 40
2334 40
2335 40
2336 40
2337 40
2338 40
2339 40
2340 40
2341 40
2342 40
2343 40
2344 40
2345 40
2346 40
2347 40
2348 40
2349 40
2350 40
2351 40
2352 40
2353 40
2354 40
2355 40
2356 40
2357 40
2358 40
2359 40
2360 40
2361 40
2362 40
2363 40
2364 40
2365 40
2366 40
2367 40
2368 40
2369 40
2370 40
2371 40
2372 40
2373 40
2374 40
2375 40
2376 40
2377 40
2378 40
2379 40
2380 40
2381 40
2382 40
2383 40
2384 40
2385 40
2386 40
2387 40
2388 40
2389 40
2390 40
2391 40
2392 40
2393 40
2394 40
2395 40
2396 40
2397 40
2398 40
2399 40
2400 40
2401 40
2402 40
2403 40
2404 40
2405 40
2406 40
2407 40
2408 40
2409 40
2410 40
2411 40
2412 40
2413 40
2414 40
2415 40
2416 40
2417 40
2418 40
2419 40
2420 40
2421 40
2422 40
2423 40
2424 40
2425 40
2426 40
2427 40
2428 40
2429 40
2430 40
2431 40
2432 40
2433 40
2434 40
2435 40
2436 40
2437 40
2438 40
2439 40
2440 40
2441 40
2442 40
2443 40
2444 40
2445 40
2446 40
2447 40
2448 40
2449 40
2450 40
2451 40
2452 40
2453 40
2454 40
2455 40
2456 40
2457 40
2458 40
2459 40
2460 40
2461 40
2462 40
2463 40
2464 40
2465 40
2466 40
2467 40
2468 40
2469 40
2470 40
2471 40
2472 40
2473 40
2474 40
2475 40
2476 40
2477 40
2478 40
2479 40
2480 40
2481 40
2482 40
2483 40
2484 40
2485 40
2486 40
2487 40
2488 40
2489 40
2490 40
2491 40
2492 40
2493 40
2494 40
2495 40
2496 40
2497 40
2498 40
2499 45
2500 45
2501 45
2502 45
2503 45
2504 45
2505 45
2506 45
2507 45
2508 45
2509 45
2510 45
2511 45
2512 45
2513 45
2514 45
2515 45
2516 45
2517 45
2518 45
2519 45
2520 45
2521 45
2522 45
2523 45
2524 45
2525 45
2526 45
2527 45
2528 45
2529 45
2530 45
2531 45
2532 45
2533 45
2534 45
2535 45
2536 45
2537 45
2538 45
2539 45
2540 45
2541 45
2542 45
2543 45
2544 45
2545 45
2546 45
2547 45
2548 45
2549 45
2550 45
2551 45
2552 45
2553 45
2554 45
2555 45
2556 45
2557 45
2558 45
2559 45
2560 45
2561 45
2562 45
2563 45
2564 45
2565 45
2566 45
2567 45
2568 45
2569 45
2570 45
2571 45
2572 45
2573 45
2574 45
2575 45
2576 45
2577 45
2578 45
2579 45
2580 45
2581 45
2582 45
2583 45
2584 45
2585 45
2586 45
2587 45
2588 45
2589 45
2590 45
2591 45
2592 45
2593 45
2594 45
2595 45
2596 45
2597 45
2598 45
2599 45
2600 45
2601 45
2602 45
2603 45
2604 45
2605 45
2606 45
2607 45
2608 45
2609 45
2610 45
2611 45
2612 45
2613 45
2614 45
2615 45
2616 45
2617 45
2618 45
2619 45
2620 45
2621 45
2622 45
2623 45
2624 45
2625 45
2626 45
2627 45
2628 45
2629 45
2630 45
2631 45
2632 45
2633 45
2634 45
2635 45
2636 45
2637 45
2638 45
2639 45
2640 45
2641 45
2642 45
2643 45
2644 45
2645 45
2646 45
2647 45
2648 45
2649 45
2650 45
2651 45
2652 45
2653 45
2654 45
2655 45
2656 45
2657 45
2658 45
2659 45
2660 45
2661 45
2662 45
2663 45
2664 45
2665 45
2666 45
2667 45
2668 45
2669 45
2670 45
2671 45
2672 45
2673 45
2674 45
2675 45
2676 45
2677 45
2678 45
2679 45
2680 45
2681 45
2682 45
2683 45
2684 45
2685 45
2686 45
2687 45
2688 45
2689 45
2690 45
2691 45
2692 45
2693 45
2694 45
2695 45
2696 45
2697 45
2698 45
2699 45
2700 45
2701 45
2702 45
2703 45
2704 45
2705 45
2706 45
2707 45
2708 45
2709 45
2710 45
2711 45
2712 45
2713 45
2714 45
2715 45
2716 45
2717 45
2718 45
2719 45
2720 45
2721 45
2722 45
2723 45
2724 45
2725 45
2726 45
2727 45
2728 45
2729 45
2730 45
2731 45
2732 45
2733 45
2734 45
2735 45
2736 45
2737 45
2738 45
2739 45
2740 45
2741 45
2742 45
2743 45
2744 45
2745 45
2746 45
2747 45
2748 45
2749 45
2750 45
2751 45
2752 45
2753 45
2754 45
2755 45
2756 45
2757 45
2758 50
2759 50
2760 50
2761 50
2762 50
2763 50
2764 50
2765 50
2766 50
2767 50
2768 50
2769 50
2770 50
2771 50
2772 50
2773 50
2774 50
2775 50
2776 50
2777 50
2778 50
2779 50
2780 50
2781 50
2782 50
2783 50
2784 50
2785 50
2786 50
2787 50
2788 50
2789 50
2790 50
2791 50
2792 50
2793 50
2794 50
2795 50
2796 50
2797 50
2798 50
2799 50
2800 50
2801 50
2802 50
2803 50
2804 50
2805 50
2806 50
2807 50
2808 50
2809 50
2810 50
2811 50
2812 50
2813 50
2814 50
2815 50
2816 50
2817 50
2818 50
2819 50
2820 50
2821 50
2822 50
2823 50
2824 50
2825 50
2826 50
2827 50
2828 50
2829 50
2830 50
2831 50
2832 50
2833 50
2834 50
2835 50
2836 50
2837 50
2838 50
2839 50
2840 50
2841 50
2842 50
2843 50
2844 50
2845 50
2846 50
2847 50
2848 50
2849 50
2850 50
2851 50
2852 50
2853 50
2854 50
2855 50
2856 50
2857 50
2858 50
2859 50
2860 50
2861 50
2862 50
2863 50
2864 50
2865 50
2866 50
2867 50
2868 50
2869 50
2870 50
2871 50
2872 50
2873 50
2874 50
2875 50
2876 50
2877 50
2878 50
2879 50
2880 50
2881 50
2882 50
2883 50
2884 50
2885 50
2886 50
2887 50
2888 50
2889 50
2890 50
2891 50
2892 50
2893 50
2894 50
2895 50
2896 50
2897 50
2898 50
2899 50
2900 50
2901 50
2902 50
2903 50
2904 50
2905 50
2906 50
2907 50
2908 50
2909 50
2910 50
2911 50
2912 50
2913 50
2914 50
2915 50
2916 50
2917 50
2918 50
2919 50
2920 50
2921 50
2922 50
2923 50
2924 50
2925 50
2926 50
2927 50
2928 50
2929 50
2930 50
2931 50
2932 50
2933 50
2934 50
2935 50
2936 50
2937 50
2938 50
2939 50
2940 50
2941 50
2942 50
2943 50
2944 50
2945 50
2946 50
2947 50
2948 50
2949 50
2950 50
2951 50
2952 50
2953 50
2954 50
2955 50
2956 50
2957 50
2958 50
2959 50
2960 50
2961 50
2962 50
2963 50
2964 50
2965 50
2966 50
2967 50
2968 50
2969 50
2970 50
2971 50
2972 50
2973 50
2974 50
2975 50
2976 50
2977 50
2978 50
2979 50
2980 50
2981 50
2982 50
2983 50
2984 50
2985 50
2986 50
2987 50
2988 50
2989 50
2990 50
2991 50
2992 50
2993 50
2994 50
2995 50
2996 50
2997 50
2998 50
2999 50
3000 50
3001 50
3002 50
3003 50
3004 50
3005 50
3006 50
3007 50
3008 50
3009 50
3010 50
3011 50
3012 50
3013 50
3014 50
3015 50
3016 50
3017 50
3018 50
3019 50
3020 50
3021 50
3022 50
3023 50
3024 50
3025 50
3026 50
3027 50
3028 50
3029 50
3030 50
3031 50
3032 50
3033 50
3034 50
3035 50
3036 50
3037 50
3038 50
3039 50
3040 50
3041 50
3042 50
3043 50
3044 50
3045 50
3046 50
3047 50
3048 50
3049 50
3050 50
3051 50
3052 50
3053 50
3054 50
3055 50
3056 50
3057 50
3058 50
3059 50
3060 50
3061 50
3062 50
3063 50
3064 50
3065 50
3066 50
3067 50
3068 50
3069 50
3070 50
3071 50
3072 50
3073 50
3074 50
3075 50
3076 50
3077 50
3078 50
3079 50
3080 50
3081 50
3082 50
3083 50
3084 50
3085 50
3086 50
3087 50
3088 50
3089 50
3090 50
3091 50
3092 50
3093 50
3094 50
3095 50
3096 50
3097 50
3098 50
3099 50
3100 50
3101 50
3102 50
3103 50
3104 50
3105 50
3106 50
3107 50
3108 50
3109 50
3110 50
3111 50
3112 50
3113 50
3114 50
3115 50
3116 50
3117 50
3118 50
3119 50
3120 50
3121 50
3122 50
3123 50
3124 50
3125 50
3126 50
3127 50
3128 50
3129 50
3130 50
3131 50
3132 50
3133 50
3134 50
3135 50
3136 50
3137 50
3138 50
3139 50
3140 50
3141 50
3142 50
3143 50
3144 50
3145 50
3146 50
3147 50
3148 50
3149 50
3150 50
3151 50
3152 50
3153 50
3154 50
3155 50
3156 50
3157 50
3158 50
3159 50
3160 50
3161 50
3162 50
3163 50
3164 50
3165 50
3166 50
3167 50
3168 50
3169 50
3170 50
3171 50
3172 50
3173 50
3174 50
3175 50
3176 50
3177 50
3178 50
3179 50
3180 50
3181 50
3182 50
3183 50
3184 50
3185 50
3186 50
3187 50
3188 50
3189 50
3190 50
3191 50
3192 50
3193 50
3194 50
3195 50
3196 50
3197 50
3198 50
3199 50
3200 50
3201 50
3202 50
3203 50
3204 50
3205 50
3206 50
3207 50
3208 50
3209 50
3210 50
3211 50
3212 50
3213 50
3214 50
3215 50
3216 50
3217 50
3218 50
3219 50
3220 50
3221 50
3222 50
3223 50
3224 50
3225 50
3226 50
3227 50
3228 50
3229 50
3230 50
3231 50
3232 50
3233 50
3234 50
3235 50
3236 50
3237 50
3238 50
3239 50
3240 50
3241 50
3242 50
3243 50
3244 50
3245 50
3246 50
3247 50
3248 50
3249 50
3250 50
3251 50
3252 50
3253 50
3254 50
3255 50
3256 50
3257 50
3258 50
3259 50
3260 50
3261 50
3262 50
3263 50
3264 50
3265 50
3266 50
3267 50
3268 50
3269 50
3270 50
3271 50
3272 50
3273 50
3274 50
3275 50
3276 50
3277 50
3278 50
3279 50
3280 50
3281 50
3282 50
3283 50
3284 50
3285 50
3286 50
3287 50
3288 50
3289 50
3290 50
3291 50
3292 50
3293 50
3294 50
3295 50
3296 50
3297 50
3298 50
3299 50
3300 50
3301 50
3302 50
3303 50
3304 50
3305 50
3306 50
3307 50
3308 50
3309 50
3310 50
3311 50
3312 50
3313 50
3314 50
3315 50
3316 50
3317 50
3318 50
3319 50
3320 50
3321 50
3322 50
3323 50
3324 50
3325 50
3326 50
3327 50
3328 50
3329 50
3330 50
3331 50
3332 50
3333 50
3334 50
3335 50
3336 50
3337 50
3338 50
3339 50
3340 50
3341 50
3342 50
3343 50
3344 50
3345 50
3346 50
3347 50
3348 50
3349 50
3350 50
3351 50
3352 50
3353 50
3354 50
3355 50
3356 50
3357 50
3358 50
3359 50
3360 50
3361 50
3362 50
3363 50
3364 50
3365 50
3366 50
3367 50
3368 50
3369 50
3370 50
3371 50
3372 50
3373 50
3374 50
3375 50
3376 50
3377 50
3378 50
3379 50
3380 50
3381 50
3382 50
3383 50
3384 50
3385 50
3386 50
3387 50
3388 50
3389 50
3390 50
3391 50
3392 50
3393 50
3394 50
3395 50
3396 50
3397 50
3398 50
3399 50
3400 50
3401 50
3402 50
3403 50
3404 50
3405 50
3406 50
3407 50
3408 50
3409 50
3410 50
3411 50
3412 50
3413 50
3414 50
3415 50
3416 50
3417 50
3418 50
3419 50
3420 50
3421 50
3422 50
3423 50
3424 50
3425 50
3426 50
3427 50
3428 50
3429 50
3430 50
3431 50
3432 50
3433 50
3434 50
3435 50
3436 50
3437 50
3438 50
3439 50
3440 50
3441 50
3442 50
3443 50
3444 50
3445 50
3446 50
3447 50
3448 50
3449 50
3450 50
3451 50
3452 50
3453 50
3454 50
3455 50
3456 50
3457 50
3458 50
3459 50
3460 50
3461 50
3462 50
3463 50
3464 50
3465 50
3466 50
3467 50
3468 50
3469 50
3470 50
3471 50
3472 50
3473 50
3474 50
3475 50
3476 50
3477 50
3478 50
3479 50
3480 50
3481 50
3482 50
3483 50
3484 50
3485 50
3486 50
3487 50
3488 50
3489 50
3490 50
3491 50
3492 50
3493 50
3494 50
3495 50
3496 50
3497 50
3498 50
3499 50
3500 50
3501 50
3502 50
3503 50
3504 50
3505 50
3506 50
3507 50
3508 50
3509 50
3510 50
3511 50
3512 50
3513 50
3514 50
3515 50
3516 50
3517 50
3518 50
3519 50
3520 50
3521 50
3522 50
3523 50
3524 50
3525 50
3526 50
3527 50
3528 50
3529 50
3530 50
3531 50
3532 50
3533 50
3534 50
3535 50
3536 50
3537 50
3538 50
3539 50
3540 50
3541 50
3542 50
3543 50
3544 50
3545 50
3546 50
3547 50
3548 50
3549 50
3550 50
3551 50
3552 50
3553 50
3554 50
3555 50
3556 50
3557 50
3558 50
3559 50
3560 50
3561 50
3562 50
3563 50
3564 50
3565 50
3566 50
3567 50
3568 50
3569 50
3570 50
3571 50
3572 50
3573 50
3574 50
3575 50
3576 50
3577 50
3578 50
3579 50
3580 50
3581 50
3582 50
3583 50
3584 50
3585 50
3586 50
3587 50
3588 50
3589 50
3590 50
3591 50
3592 50
3593 50
3594 50
3595 50
3596 50
3597 50
3598 50
3599 50
3600 50
3601 50
3602 50
3603 50
3604 50
3605 50
3606 50
3607 50
3608 50
3609 50
3610 50
3611 50
3612 50
3613 50
3614 50
3615 50
3616 50
3617 50
3618 50
3619 50
3620 50
3621 50
3622 50
3623 50
3624 50
3625 50
3626 50
3627 50
3628 50
3629 50
3630 50
3631 50
3632 50
3633 50
3634 50
3635 50
3636 50
3637 50
3638 50
3639 50
3640 50
3641 50
3642 50
3643 50
3644 50
3645 50
3646 50
3647 50
3648 50
3649 50
3650 50
3651 50
3652 50
3653 50
3654 50
3655 50
3656 50
3657 50
3658 50
3659 50
3660 50
3661 50
3662 50
3663 50
3664 50
3665 50
3666 50
3667 50
3668 50
3669 50
3670 50
3671 50
3672 50
3673 50
3674 50
3675 50
3676 50
3677 50
3678 50
3679 50
3680 50
3681 50
3682 50
3683 50
3684 50
3685 50
3686 50
3687 50
3688 50
3689 50
3690 50
3691 50
3692 50
3693 50
3694 50
3695 50
3696 50
3697 50
3698 50
3699 50
3700 50
3701 50
3702 50
3703 50
3704 50
3705 50
3706 50
3707 50
3708 50
3709 50
3710 50
3711 50
3712 50
3713 50
3714 50
3715 50
3716 50
3717 50
3718 50
3719 50
3720 50
3721 50
3722 50
3723 50
3724 50
3725 50
3726 50
3727 50
3728 50
3729 50
3730 50
3731 50
3732 50
3733 50
3734 50
3735 50
3736 50
3737 50
3738 50
3739 50
3740 50
3741 50
3742 50
3743 50
3744 50
3745 50
3746 50
3747 50
3748 50
3749 50
3750 50
3751 50
3752 50
3753 50
3754 50
3755 50
3756 50
3757 50
3758 50
3759 50
3760 50
3761 50
3762 50
3763 50
3764 50
3765 50
3766 50
3767 50
3768 50
3769 50
3770 50
3771 50
3772 50
3773 50
3774 50
3775 50
3776 50
3777 50
3778 50
3779 50
3780 50
3781 50
3782 50
3783 50
3784 50
3785 50
3786 50
3787 50
3788 50
3789 50
3790 50
3791 50
3792 50
3793 50
3794 50
3795 50
3796 50
3797 50
3798 50
3799 50
3800 50
3801 50
3802 50
3803 50
3804 50
3805 50
3806 50
3807 50
3808 50
3809 50
3810 50
3811 50
3812 50
3813 50
3814 50
3815 50
3816 50
3817 50
3818 50
3819 50
3820 50
3821 50
3822 50
3823 50
3824 50
3825 50
3826 50
3827 50
3828 50
3829 50
3830 50
3831 50
3832 50
3833 50
3834 50
3835 50
3836 50
3837 50
3838 50
3839 50
3840 50
3841 50
3842 50
3843 50
3844 50
3845 50
3846 50
3847 50
3848 50
3849 50
3850 50
3851 50
3852 50
3853 50
3854 50
3855 50
3856 50
3857 50
3858 50
3859 50
3860 50
3861 50
3862 50
3863 50
3864 50
3865 50
3866 50
3867 50
3868 50
3869 50
3870 50
3871 50
3872 50
3873 50
3874 50
3875 50
3876 50
3877 50
3878 50
3879 50
3880 50
3881 50
3882 50
3883 50
3884 50
3885 50
3886 50
3887 50
3888 50
3889 50
3890 50
3891 50
3892 50
3893 50
3894 50
3895 50
3896 50
3897 50
3898 50
3899 50
3900 50
3901 50
3902 50
3903 50
3904 50
3905 50
3906 50
3907 50
3908 50
3909 50
3910 50
3911 50
3912 50
3913 50
3914 50
3915 50
3916 50
3917 50
3918 50
3919 50
3920 50
3921 50
3922 50
3923 50
3924 50
3925 50
3926 50
3927 50
3928 50
3929 50
3930 50
3931 50
3932 50
3933 50
3934 50
3935 50
3936 50
3937 50
3938 50
3939 50
3940 50
3941 50
3942 50
3943 50
3944 50
3945 50
3946 50
3947 50
3948 50
3949 50
3950 50
3951 50
3952 50
3953 50
3954 50
3955 50
3956 50
3957 50
3958 50
3959 50
3960 50
3961 50
3962 50
3963 50
3964 50
3965 50
3966 50
3967 50
3968 50
3969 50
3970 50
3971 50
3972 50
3973 50
3974 50
3975 50
3976 50
3977 50
3978 50
3979 50
3980 50
3981 50
3982 50
3983 50
3984 50
3985 50
3986 50
3987 50
3988 50
3989 50
3990 50
3991 50
3992 50
3993 50
3994 50
3995 50
3996 50
3997 50
3998 50
3999 50
4000 50
4001 50
4002 50
4003 50
4004 50
4005 50
4006 50
4007 50
4008 50
4009 50
4010 50
4011 50
4012 50
4013 50
4014 50
4015 50
4016 50
4017 50
4018 50
4019 50
4020 50
4021 50
4022 50
4023 50
4024 50
4025 50
4026 50
4027 50
4028 50
4029 50
4030 50
4031 50
4032 50
4033 50
4034 50
4035 50
4036 50
4037 50
4038 50
4039 50
4040 50
4041 50
4042 50
4043 50
4044 50
4045 50
4046 50
4047 50
4048 50
4049 50
4050 50
4051 50
4052 50
4053 50
4054 50
4055 50
4056 50
4057 50
4058 50
4059 50
4060 50
4061 50
4062 50
4063 50
4064 50
4065 50
4066 50
4067 50
4068 50
4069 50
4070 50
4071 50
4072 50
4073 50
4074 50
4075 50
4076 50
4077 50
4078 50
4079 50
4080 50
4081 50
4082 50
4083 50
4084 50
4085 50
4086 50
4087 50
4088 50
4089 50
4090 50
4091 50
4092 50
4093 50
4094 50
4095 50
4096 50
4097 50
4098 50
4099 50
4100 50
4101 50
4102 50
4103 50
4104 50
4105 50
4106 50
4107 50
4108 50
4109 50
4110 50
4111 50
4112 50
4113 50
4114 50
4115 50
4116 50
4117 50
4118 50
4119 50
4120 50
4121 50
4122 50
4123 50
4124 50
4125 50
4126 50
4127 50
4128 50
4129 50
4130 50
4131 50
4132 50
4133 50
4134 50
4135 50
4136 50
4137 50
4138 50
4139 50
4140 50
4141 50
4142 50
4143 50
4144 50
4145 50
4146 50
4147 50
4148 50
4149 50
4150 50
4151 50
4152 50
4153 50
4154 50
4155 50
4156 50
4157 50
4158 50
4159 50
4160 50
4161 50
4162 50
4163 50
4164 50
4165 50
4166 50
4167 50
4168 50
4169 50
4170 50
4171 50
4172 50
4173 50
4174 50
4175 50
4176 50
4177 50
4178 50
4179 50
4180 50
4181 50
4182 50
4183 50
4184 50
4185 50
4186 50
4187 50
4188 50
4189 50
4190 50
4191 50
4192 50
4193 50
4194 50
4195 50
4196 50
4197 50
4198 50
4199 50
4200 50
4201 50
4202 50
4203 50
4204 50
4205 50
4206 50
4207 50
4208 50
4209 50
4210 50
4211 50
4212 50
4213 50
4214 50
4215 50
4216 50
4217 50
4218 50
4219 50
4220 50
4221 50
4222 50
4223 50
4224 50
4225 50
4226 50
4227 50
4228 50
4229 50
4230 50
4231 50
4232 50
4233 50
4234 50
4235 50
4236 50
4237 50
4238 50
4239 50
4240 50
4241 50
4242 50
4243 50
4244 50
4245 50
4246 50
4247 50
4248 50
4249 50
4250 50
4251 50
4252 50
4253 50
4254 50
4255 50
4256 50
4257 50
4258 50
4259 50
4260 50
4261 50
4262 50
4263 50
4264 50
4265 50
4266 50
4267 50
4268 50
4269 50
4270 50
4271 50
4272 50
4273 50
4274 50
4275 50
4276 50
4277 50
4278 50
4279 50
4280 50
4281 50
4282 50
4283 50
4284 50
4285 50
4286 50
4287 50
4288 50
4289 50
4290 50
4291 50
4292 50
4293 50
4294 50
4295 50
4296 50
4297 50
4298 50
4299 50
4300 50
4301 50
4302 50
4303 50
4304 50
4305 50
4306 50
4307 50
4308 50
4309 50
4310 50
4311 50
4312 50
4313 50
4314 50
4315 50
4316 50
4317 50
4318 50
4319 50
4320 50
4321 50
4322 50
4323 50
4324 50
4325 50
4326 50
4327 50
4328 50
4329 50
4330 50
4331 50
4332 50
4333 50
4334 50
4335 50
4336 50
4337 50
4338 50
4339 50
4340 50
4341 50
4342 50
4343 50
4344 50
4345 50
4346 50
4347 50
4348 50
4349 50
4350 50
4351 50
4352 50
