1524961965 0
1524961975 5
1524961977 10
1524961979 15
1524961981 20
1524961983 25
1524961985 30
1524961987 35
1524961989 40
1524961991 45
1524961993 50
1524961994 55
1524961996 60
1524961998 65
1524962000 70
1524962002 75
1524962008 80
1524962010 85
1524962012 90
1524962014 95
1524962016 100
1524962017 105
1524962019 110
1524962021 115
1524962023 120
1524962025 125
1524962027 130
1524962029 135
1524962031 140
1524962044 145
1524962046 150
1524962048 155
1524962050 160
1524962052 165
1524962054 170
1524962056 175
