1524966112 0
1524966116 5
1524966118 10
1524966120 15
1524966122 20
1524966124 25
1524966126 30
1524966128 35
1524966130 40
1524966131 45
1524966133 50
1524966135 55
1524966137 60
1524966139 65
1524966141 70
1524966143 75
1524966145 80
1524966147 85
1524966149 90
1524966151 95
1524966153 100
1524966154 105
1524966156 110
1524966158 115
1524966160 120
1524966162 125
1524966164 130
1524966166 135
1524966168 140
1524966170 145
1524966172 150
1524966174 155
1524966176 160
1524966177 165
1524966179 170
1524966181 175
1524966183 180
1524966185 185
1524966187 190
1524966189 195
1524966191 200
1524966193 205
1524966195 210
1524966197 215
1524966199 220
1524966201 225
1524966202 230
1524966204 235
1524966206 240
1524966208 245
1524966210 250
1524966212 255
1524966214 260
1524966216 265
1524966218 270
1524966220 275
1524966222 280
1524966224 285
1524966225 290
1524966227 295
1524966229 300
1524966231 305
1524966233 310
1524966235 315
1524966237 320
1524966239 325
1524966241 330
1524966243 335
1524966245 340
1524966247 345
1524966249 350
1524966250 355
1524966252 360
1524966254 365
1524966256 370
1524966258 375
1524966260 380
1524966262 385
1524966264 390
1524966266 395
1524966268 400
1524966270 405
1524966272 470
