1525188595 0
1525188606 30
1525188606 60
1525188607 90
1525188608 120
1525188609 150
1525188609 180
1525188610 210
1525188611 240
1525188612 270
1525188613 300
1525188614 330
1525188615 360
1525188616 390
1525188617 420
1525188618 450
1525188619 480
1525188620 510
1525188621 540
1525188622 570
1525188623 600
1525188624 630
1525188625 660
1525188626 690
1525188627 720
1525188628 750
1525188629 780
1525188630 810
1525188631 840
1525188632 870
1525188633 900
1525188634 930
1525188634 960
1525188635 990
1525188636 1020
1525188637 1050
1525188638 1080
1525188639 1110
1525188640 1140
1525188641 1170
1525188642 1200
1525188643 1230
1525188644 1260
