1525066082 0
1525066090 50
1525066092 100
1525066093 150
1525066096 200
1525066098 250
1525066100 300
1525066102 350
1525066105 400
1525066107 450
1525066109 500
1525066111 550
1525066114 600
1525066114 650
1525066115 700
1525066116 750
1525066118 800
1525066119 850
1525066121 900
1525066123 950
1525066125 1000
1525066126 1050
1525066129 1100
1525066131 1150
1525066133 1200
1525066135 1250
1525066137 1300
1525066139 1350
1525066141 1400
1525066142 1450
1525066143 1500
1525066144 1550
1525066146 1600
1525066148 1650
1525066150 1700
1525066152 1750
1525066154 1800
1525066156 1850
1525066157 1900
1525066159 1950
1525066161 2000
1525066165 2050
1525066167 2100
1525066170 2150
1525066171 2200
1525066175 2250
1525066177 2300
1525066178 2350
1525066179 2400
1525066180 2450
