1524971690 0
1524971698 101
1524971700 202
1524971701 303
1524971704 404
1524971706 505
1524971707 606
1524971707 707
1524971710 808
1524971713 909
1524971715 1010
1524971715 1111
1524971716 1212
1524971718 1313
1524971720 1414
1524971722 1515
1524971722 1616
1524971724 1717
1524971726 1818
1524971727 1919
1524971729 2020
1524971731 2121
1524971733 2222
1524971735 2323
1524971737 2424
1524971739 2525
1524971743 2626
1524971744 2727
1524971746 2828
1524971747 2929
1524971749 3030
1524971750 3131
1524971757 3232
1524971757 3333
1524971758 3434
1524971760 3535
1524971762 3636
