1524971489 0
1524971500 101
1524971503 202
1524971504 303
1524971507 404
1524971508 505
1524971510 606
1524971512 707
1524971514 808
1524971516 909
1524971518 1010
1524971519 1111
1524971521 1212
1524971524 1313
1524971527 1414
1524971529 1515
1524971531 1616
1524971533 1717
1524971535 1818
1524971536 1919
1524971538 2020
1524971541 2121
1524971543 2222
1524971544 2323
1524971546 2424
1524971548 2525
1524971550 2626
1524971553 2727
1524971554 2828
1524971556 2929
1524971556 3030
1524971558 3131
1524971560 3232
1524971562 3333
1524971564 3434
1524971565 3535
1524971567 3636
1524971569 3737
1524971576 3838
1524971576 3939
1524971577 4040
1524971579 4141
1524971581 4242
1524971583 4343
